       -1.000000000000000,        0.000000000000000
       -0.986000000000000,        1.206089662993917
       -0.972000000000000,        1.272182709035106
       -0.958000000000000,        1.337958237056741
       -0.944000000000000,        1.403416247058821
       -0.930000000000000,        1.468556739041345
       -0.916000000000000,        1.533379713004315
       -0.902000000000000,        1.597885168947730
       -0.888000000000000,        1.662073106871591
       -0.874000000000000,        1.725943526775896
       -0.860000000000000,        1.789496428660647
       -0.846000000000000,        1.852731812525843
       -0.832000000000000,        1.915649678371485
       -0.818000000000000,        1.978250026197570
       -0.804000000000000,        2.040532856004102
       -0.790000000000000,        2.102498167791079
       -0.776000000000000,        2.164145961558501
       -0.762000000000000,        2.225476237306368
       -0.748000000000000,        2.286488995034680
       -0.734000000000000,        2.347184234743438
       -0.720000000000000,        2.407561956432641
       -0.706000000000000,        2.467622160102289
       -0.692000000000000,        2.527364845752382
       -0.678000000000000,        2.586790013382920
       -0.664000000000000,        2.645897662993903
       -0.650000000000000,        2.704687794585332
       -0.636000000000000,        2.763160408157205
       -0.622000000000000,        2.821315503709525
       -0.608000000000000,        2.879153081242289
       -0.594000000000000,        2.936673140755498
       -0.580000000000000,        2.993875682249152
       -0.566000000000000,        3.050760705723252
       -0.552000000000000,        3.107328211177797
       -0.538000000000000,        3.163578198612787
       -0.524000000000000,        3.219510668028222
       -0.510000000000000,        3.275125619424103
       -0.496000000000000,        3.330423052800429
       -0.482000000000000,        3.385402968157199
       -0.468000000000000,        3.440065365494416
       -0.454000000000000,        3.494410244812077
       -0.440000000000000,        3.548437606110183
       -0.426000000000000,        3.602147449388735
       -0.412000000000000,        3.655539774647731
       -0.398000000000000,        3.708614581887173
       -0.384000000000000,        3.761371871107060
       -0.370000000000000,        3.813811642307393
       -0.356000000000000,        3.865933895488170
       -0.342000000000000,        3.917738630649393
       -0.328000000000000,        3.969225847791061
       -0.314000000000000,        4.020395546913174
       -0.300000000000000,        4.071247728015733
       -0.286000000000000,        4.121782391098736
       -0.272000000000000,        4.171999536162184
       -0.258000000000000,        4.221899163206078
       -0.244000000000000,        4.271481272230417
       -0.230000000000000,        4.320745863235201
       -0.216000000000000,        4.369692936220431
       -0.202000000000000,        4.418322491186105
       -0.188000000000000,        4.466634528132225
       -0.174000000000000,        4.514629047058790
       -0.160000000000000,        4.562306047965800
       -0.146000000000000,        4.609665530853255
       -0.132000000000000,        4.656707495721156
       -0.118000000000000,        4.703431942569502
       -0.104000000000000,        4.749838871398293
       -0.090000000000000,        4.795928282207528
       -0.076000000000000,        4.841700174997210
       -0.062000000000000,        4.887154549767336
       -0.048000000000000,        4.932291406517908
       -0.034000000000000,        4.977110745248925
       -0.020000000000000,        5.021612565960387
       -0.006000000000000,        5.065796868652294
        0.008000000000000,        5.109663653324646
        0.022000000000000,        5.153212919977444
        0.036000000000000,        5.196444668610687
        0.050000000000000,        5.239358899224375
        0.064000000000000,        5.281955611818508
        0.078000000000000,        5.324234806393086
        0.092000000000000,        5.366196482948110
        0.106000000000000,        5.407840641483578
        0.120000000000000,        5.449167281999492
        0.134000000000000,        5.490176404495851
        0.148000000000000,        5.530868008972655
        0.162000000000000,        5.571242095429905
        0.176000000000000,        5.611298663867600
        0.190000000000000,        5.651037714285740
        0.204000000000000,        5.690459246684324
        0.218000000000000,        5.729563261063355
        0.232000000000000,        5.768349757422830
        0.246000000000000,        5.806818735762750
        0.260000000000000,        5.844970196083116
        0.274000000000000,        5.882804138383927
        0.288000000000000,        5.920320562665182
        0.302000000000000,        5.957519468926884
        0.316000000000000,        5.994400857169030
        0.330000000000000,        6.030964727391622
        0.344000000000000,        6.067211079594658
        0.358000000000000,        6.103139913778141
        0.372000000000000,        6.138751229942068
        0.386000000000000,        6.174045028086440
        0.400000000000000,        6.209021308211258
        0.414000000000000,        6.243680070316521
        0.428000000000000,        6.278021314402229
        0.442000000000000,        6.312045040468382
        0.456000000000000,        6.345751248514981
        0.470000000000000,        6.379139938542024
        0.484000000000000,        6.412211110549513
        0.498000000000000,        6.444964764537446
        0.512000000000000,        6.477400900505826
        0.526000000000000,        6.509519518454650
        0.540000000000000,        6.541320618383920
        0.554000000000000,        6.572804200293635
        0.568000000000000,        6.603970264183794
        0.582000000000000,        6.634818810054400
        0.596000000000000,        6.665349837905450
        0.610000000000000,        6.695563347736945
        0.624000000000000,        6.725459339548886
        0.638000000000000,        6.755037813341271
        0.652000000000000,        6.784298769114102
        0.666000000000000,        6.813242206867377
        0.680000000000000,        6.841868126601098
        0.694000000000000,        6.870176528315265
        0.708000000000000,        6.898167412009877
        0.722000000000000,        6.925840777684933
        0.736000000000000,        6.953196625340436
        0.750000000000000,        6.980234954976383
        0.764000000000000,        7.006955766592776
        0.778000000000000,        7.033359060189613
        0.792000000000000,        7.059444835766896
        0.806000000000000,        7.085213093324624
        0.820000000000000,        7.110663832862797
        0.834000000000000,        7.135797054381415
        0.848000000000000,        7.160612757880479
        0.862000000000000,        7.185110943359987
        0.876000000000000,        7.209291610819942
        0.890000000000000,        7.233154760260341
        0.904000000000000,        7.256700391681185
        0.918000000000000,        7.279928505082474
        0.932000000000000,        7.302839100464210
        0.946000000000000,        7.325432177826389
        0.960000000000000,        7.347707737169014
        0.974000000000000,        7.369665778492084
        0.988000000000000,        7.391306301795600
        1.002000000000000,        7.412629307079561
        1.016000000000000,        7.433634794343966
        1.030000000000000,        7.454322763588817
        1.044000000000000,        7.474693214814114
        1.058000000000000,        7.494746148019854
        1.072000000000000,        7.514481563206042
        1.086000000000000,        7.533899460372672
        1.100000000000000,        7.552999839519750
        1.114000000000000,        7.571782700647272
        1.128000000000000,        7.590248043755240
        1.142000000000000,        7.608395868843651
        1.156000000000000,        7.626226175912510
        1.170000000000000,        7.643738964961812
        1.184000000000000,        7.660934235991562
        1.198000000000000,        7.677811989001753
        1.212000000000000,        7.694372223992392
        1.226000000000000,        7.710614940963475
        1.240000000000000,        7.726540139915005
        1.254000000000000,        7.742147820846977
        1.268000000000000,        7.757437983759399
        1.282000000000000,        7.772410628652262
        1.296000000000000,        7.787065755525570
        1.310000000000000,        7.801403364379325
        1.324000000000000,        7.815423455213526
        1.338000000000000,        7.829126028028170
        1.352000000000000,        7.842511082823261
        1.366000000000000,        7.855578619598797
        1.380000000000000,        7.868328638354777
        1.394000000000000,        7.880761139091202
        1.408000000000000,        7.892876121808074
        1.422000000000000,        7.904673586505390
        1.436000000000000,        7.916153533183152
        1.450000000000000,        7.927315961841358
        1.464000000000000,        7.938160872480010
        1.478000000000000,        7.948688265099107
        1.492000000000000,        7.958898139698650
        1.506000000000000,        7.968790496278636
        1.520000000000000,        7.978365334839070
        1.534000000000000,        7.987622655379947
        1.548000000000000,        7.996562457901270
        1.562000000000000,        8.005184742403038
        1.576000000000000,        8.013489508885250
        1.590000000000000,        8.021476757347910
        1.604000000000000,        8.029146487791014
        1.618000000000000,        8.036498700214562
        1.632000000000000,        8.043533394618557
        1.646000000000000,        8.050250571002996
        1.660000000000000,        8.056650229367879
        1.674000000000000,        8.062732369713210
        1.688000000000000,        8.068496992038984
        1.702000000000000,        8.073944096345205
        1.716000000000000,        8.079073682631869
        1.730000000000000,        8.083885750898979
        1.744000000000000,        8.088380301146534
        1.758000000000000,        8.092557333374536
        1.772000000000000,        8.096416847582981
        1.786000000000000,        8.099958843771873
        1.800000000000000,        8.103183321941209
        1.814000000000000,        8.106090282090991
        1.828000000000000,        8.108679724221217
        1.842000000000000,        8.110951648331890
        1.856000000000000,        8.112906054423005
        1.870000000000000,        8.114542942494568
        1.884000000000000,        8.115862312546575
        1.898000000000000,        8.116864164579027
        1.912000000000000,        8.117548498591924
        1.926000000000000,        8.117915314585268
        1.940000000000000,        8.117964612559057
        1.954000000000000,        8.117696392513290
        1.968000000000000,        8.117110654447968
        1.982000000000000,        8.116207398363093
        1.996000000000000,        8.114986624258659
        2.010000000000000,        8.113448332134674
        2.024000000000000,        8.111592521991135
        2.038000000000000,        8.109419193828037
        2.052000000000000,        8.106928347645388
        2.066000000000000,        8.104119983443180
        2.080000000000000,        8.100994101221422
        2.094000000000000,        8.097550700980106
        2.108000000000000,        8.093789782719238
        2.122000000000000,        8.089711346438811
        2.136000000000000,        8.085315392138835
        2.150000000000000,        8.080601919819298
        2.164000000000000,        8.075570929480211
        2.178000000000000,        8.070222421121565
        2.192000000000000,        8.064556394743368
        2.206000000000000,        8.058572850345614
        2.220000000000000,        8.052271787928307
        2.234000000000000,        8.045653207491442
        2.248000000000000,        8.038717109035026
        2.262000000000000,        8.031463492559052
        2.276000000000000,        8.023892358063524
        2.290000000000000,        8.016003705548442
        2.304000000000000,        8.007797535013804
        2.318000000000000,        7.999273846459614
        2.332000000000000,        7.990432639885868
        2.346000000000000,        7.981273915292565
        2.360000000000000,        7.971797672679711
        2.374000000000000,        7.962003912047298
        2.388000000000000,        7.951892633395333
        2.402000000000000,        7.941463836723811
        2.416000000000000,        7.930717522032737
        2.430000000000000,        7.919653689322105
        2.444000000000000,        7.908272338591922
        2.458000000000000,        7.896573469842180
        2.472000000000000,        7.884557083072886
        2.486000000000000,        7.872223178284036
        2.500000000000000,        7.859571755475632
        2.514000000000000,        7.846602814647673
        2.528000000000000,        7.833316355800159
        2.542000000000000,        7.819712378933089
        2.556000000000000,        7.805790884046467
        2.570000000000000,        7.791551871140287
        2.584000000000000,        7.776995340214555
        2.598000000000000,        7.762121291269267
        2.612000000000000,        7.746929724304423
        2.626000000000000,        7.731420639320026
        2.640000000000000,        7.715594036316073
        2.654000000000000,        7.699449915292567
        2.668000000000000,        7.682988276249504
        2.682000000000000,        7.666209119186887
        2.696000000000000,        7.649112444104714
        2.710000000000000,        7.631698251002989
        2.724000000000000,        7.613966539881706
        2.738000000000000,        7.595917310740871
        2.752000000000000,        7.577550563580479
        2.766000000000000,        7.558866298400534
        2.780000000000000,        7.539864515201033
        2.794000000000000,        7.520545213981977
        2.808000000000000,        7.500908394743367
        2.822000000000000,        7.480954057485202
        2.836000000000000,        7.460682202207480
        2.850000000000000,        7.440092828910208
        2.864000000000000,        7.419185937593375
        2.878000000000000,        7.397961528256993
        2.892000000000000,        7.376419600901051
        2.906000000000000,        7.354560155525561
        2.920000000000000,        7.332383192130510
        2.934000000000000,        7.309888710715908
        2.948000000000000,        7.287076711281746
        2.962000000000000,        7.263947193828035
        2.976000000000000,        7.240500158354765
        2.990000000000000,        7.216735604861945
        3.004000000000000,        7.192653533349565
        3.018000000000000,        7.168253943817632
        3.032000000000000,        7.143536836266145
        3.046000000000000,        7.118502210695104
        3.060000000000000,        7.093150067104506
        3.074000000000000,        7.067480405494355
        3.088000000000000,        7.041493225864646
        3.102000000000000,        7.015188528215389
        3.116000000000000,        6.988566312546571
        3.130000000000000,        6.961626578858199
        3.144000000000000,        6.934369327150273
        3.158000000000000,        6.906794557422794
        3.172000000000000,        6.878902269675759
        3.186000000000000,        6.850692463909166
        3.200000000000000,        6.822165140123021
        3.214000000000000,        6.793320298317322
        3.228000000000000,        6.764157938492069
        3.242000000000000,        6.734678060647257
        3.256000000000000,        6.704880664782893
        3.270000000000000,        6.674765750898974
        3.284000000000000,        6.644333318995502
        3.298000000000000,        6.613583369072471
        3.312000000000000,        6.582515901129886
        3.326000000000001,        6.551130915167750
        3.340000000000000,        6.519428411186055
        3.354000000000000,        6.487408389184807
        3.368000000000000,        6.455070849164004
        3.382000000000000,        6.422415791123649
        3.396000000000000,        6.389443215063736
        3.410000000000000,        6.356153120984267
        3.424000000000000,        6.322545508885243
        3.438000000000000,        6.288620378766671
        3.452000000000000,        6.254377730628537
        3.466000000000000,        6.219817564470850
        3.480000000000000,        6.184939880293607
        3.494000000000000,        6.149744678096814
        3.508000000000000,        6.114231957880463
        3.522000000000000,        6.078401719644555
        3.536000000000000,        6.042253963389092
        3.550000000000000,        6.005788689114080
        3.564000000000000,        5.969005896819509
        3.578000000000000,        5.931905586505383
        3.592000000000001,        5.894487758171701
        3.606000000000000,        5.856752411818471
        3.620000000000000,        5.818699547445680
        3.634000000000000,        5.780329165053335
        3.648000000000000,        5.741641264641441
        3.662000000000000,        5.702635846209985
        3.676000000000000,        5.663312909758973
        3.690000000000000,        5.623672455288409
        3.704000000000000,        5.583714482798294
        3.718000000000000,        5.543438992288621
        3.732000000000000,        5.502845983759391
        3.746000000000000,        5.461935457210606
        3.760000000000000,        5.420707412642273
        3.774000000000000,        5.379161850054379
        3.788000000000000,        5.337298769446930
        3.802000000000000,        5.295118170819926
        3.816000000000000,        5.252620054173374
        3.830000000000000,        5.209804419507261
        3.844000000000000,        5.166671266821593
        3.858000000000001,        5.123220596116370
        3.872000000000000,        5.079452407391594
        3.886000000000000,        5.035366700647266
        3.900000000000000,        4.990963475883378
        3.914000000000000,        4.946242733099938
        3.928000000000000,        4.901204472296941
        3.942000000000000,        4.855848693474394
        3.956000000000000,        4.810175396632285
        3.970000000000000,        4.764184581770628
        3.984000000000000,        4.717876248889411
        3.998000000000000,        4.671250397988643
        4.012000000000000,        4.624307029068319
        4.026000000000000,        4.577046142128442
        4.040000000000000,        4.529467737169005
        4.054000000000000,        4.481571814190019
        4.068000000000001,        4.433358373191473
        4.082000000000000,        4.384827414173376
        4.096000000000000,        4.335978937135721
        4.110000000000000,        4.286812942078514
        4.124000000000000,        4.237329429001752
        4.138000000000000,        4.187528397905432
        4.152000000000000,        4.137409848789559
        4.166000000000000,        4.086973781654134
        4.180000000000000,        4.036220196499153
        4.194000000000000,        3.985149093324615
        4.208000000000000,        3.933760472130521
        4.222000000000000,        3.882054332916876
        4.236000000000000,        3.830030675683675
        4.250000000000000,        3.777689500430919
        4.264000000000000,        3.725030807158605
        4.278000000000000,        3.672054595866744
        4.292000000000000,        3.618760866555323
        4.306000000000000,        3.565149619224346
        4.320000000000000,        3.511220853873814
        4.334000000000001,        3.456974570503730
        4.348000000000000,        3.402410769114093
        4.362000000000000,        3.347529449704897
        4.376000000000000,        3.292330612276144
        4.390000000000000,        3.236814256827845
        4.404000000000000,        3.180980383359985
        4.418000000000000,        3.124828991872567
        4.432000000000000,        3.068360082365597
        4.446000000000000,        3.011573654839079
        4.460000000000000,        2.954469709293001
        4.474000000000000,        2.897048245727365
        4.488000000000000,        2.839309264142173
        4.502000000000000,        2.781252764537438
        4.516000000000000,        2.722878746913139
        4.530000000000000,        2.664187211269287
        4.544000000000000,        2.605178157605874
        4.558000000000000,        2.545851585922918
        4.572000000000000,        2.486207496220402
        4.586000000000000,        2.426245888498325
        4.600000000000001,        2.365966762756699
        4.614000000000000,        2.305370118995523
        4.628000000000000,        2.244455957214786
        4.642000000000000,        2.183224277414492
        4.656000000000000,        2.121675079594649
        4.670000000000000,        2.059808363755248
        4.684000000000000,        1.997624129896291
        4.698000000000000,        1.935122378017777
        4.712000000000000,        1.872303108119716
        4.726000000000000,        1.809166320202095
        4.740000000000000,        1.745712014264921
        4.754000000000000,        1.681940190308190
        4.768000000000000,        1.617850848331912
        4.782000000000000,        1.553443988336070
        4.796000000000000,        1.488719610320675
        4.810000000000000,        1.423677714285724
        4.824000000000000,        1.358318300231225
        4.838000000000000,        1.292641368157167
        4.852000000000000,        1.226646918063551
        4.866000000000001,        1.160334949950382
        4.880000000000000,        1.093705463817663
        4.894000000000000,        1.026758459665384
        4.908000000000000,        0.959493937493551
        4.922000000000000,        0.891911897302165
        4.936000000000000,        0.824012339091219
        4.950000000000000,        0.755795262860726
        4.964000000000000,        0.687260668610673
        4.978000000000000,        0.618408556341066
        4.992000000000000,        0.549238926051903
        5.006000000000000,        0.479751777743189
        5.020000000000000,        0.409947111414915
        5.034000000000000,        0.339824927067092
        5.048000000000000,        0.269385224699711
        5.062000000000000,        0.198628004312777
        5.076000000000001,        0.127553265906283
        5.090000000000000,        0.056161009480242
        5.104000000000000,       -0.015548764965359
        5.118000000000000,       -0.087576057430518
        5.132000000000001,       -0.159920867915226
        5.146000000000000,       -0.232583196419487
        5.160000000000000,       -0.305563042943309
        5.174000000000000,       -0.378860407486684
        5.188000000000000,       -0.452475290049605
        5.202000000000000,       -0.526407690632094
        5.216000000000000,       -0.600657609234133
        5.230000000000000,       -0.675225045855729
        5.244000000000000,       -0.750110000496871
        5.258000000000000,       -0.825312473157574
        5.272000000000000,       -0.900832463837833
        5.286000000000000,       -0.976669972537646
        5.300000000000000,       -1.052824999257009
        5.314000000000000,       -1.129297543995932
        5.328000000000000,       -1.206087606754412
        5.342000000000001,       -1.283195187532446
        5.356000000000000,       -1.360620286330025
        5.370000000000000,       -1.438362903147169
        5.384000000000000,       -1.516423037983870
        5.398000000000001,       -1.594800690840120
        5.412000000000000,       -1.673495861715921
        5.426000000000000,       -1.752508550611282
        5.440000000000000,       -1.831838757526203
        5.454000000000000,       -1.911486482460663
        5.468000000000000,       -1.991451725414692
        5.482000000000000,       -2.071734486388273
        5.496000000000000,       -2.152334765381411
        5.510000000000000,       -2.233252562394096
        5.524000000000000,       -2.314487877426341
        5.538000000000000,       -2.396040710478140
        5.552000000000000,       -2.477911061549495
        5.566000000000000,       -2.560098930640397
        5.580000000000000,       -2.642604317750866
        5.594000000000000,       -2.725427222880885
        5.608000000000001,       -2.808567646030461
        5.622000000000000,       -2.892025587199580
        5.636000000000000,       -2.975801046388266
        5.650000000000000,       -3.059894023596506
        5.664000000000000,       -3.144304518824296
        5.678000000000000,       -3.229032532071638
        5.692000000000000,       -3.314078063338545
        5.706000000000000,       -3.399441112625006
        5.720000000000000,       -3.485121679931012
        5.734000000000000,       -3.571119765256583
        5.748000000000000,       -3.657435368601700
        5.762000000000000,       -3.744068489966381
        5.776000000000000,       -3.831019129350608
        5.790000000000000,       -3.918287286754392
        5.804000000000000,       -4.005872962177733
        5.818000000000001,       -4.093776155620631
        5.832000000000000,       -4.181996867083079
        5.846000000000000,       -4.270535096565087
        5.860000000000000,       -4.359390844066645
        5.874000000000001,       -4.448564109587760
        5.888000000000000,       -4.538054893128429
        5.902000000000000,       -4.627863194688654
        5.916000000000000,       -4.717989014268433
        5.930000000000000,       -4.808432351867761
        5.944000000000000,       -4.899193207486654
        5.958000000000000,       -4.990271581125100
        5.972000000000000,       -5.081667472783096
        5.986000000000000,       -5.173380882460645
        6.000000000000000,       -5.265411810157758
