       -1.100000000000000,        0.000000000000000
       -1.095800000000000,        3.556131030876827
       -1.091600000000000,        3.404822468213268
       -1.087400000000000,        3.258729761361689
       -1.083200000000000,        3.117717344982541
       -1.079000000000000,        2.981652268299818
       -1.074800000000000,        2.850404159503594
       -1.070600000000000,        2.723845190459862
       -1.066400000000000,        2.601850041726212
       -1.062200000000000,        2.484295867872268
       -1.058000000000000,        2.371062263103454
       -1.053800000000000,        2.262031227186947
       -1.049600000000000,        2.157087131678450
       -1.045400000000000,        2.056116686448581
       -1.041200000000000,        1.959008906507574
       -1.037000000000000,        1.865655079127013
       -1.032800000000000,        1.775948731257401
       -1.028600000000000,        1.689785597240171
       -1.024400000000000,        1.607063586813014
       -1.020200000000000,        1.527682753407126
       -1.016000000000000,        1.451545262735152
       -1.011800000000000,        1.378555361668649
       -1.007600000000000,        1.308619347403598
       -1.003400000000000,        1.241645536912895
       -0.999200000000000,        1.177544236684438
       -0.995000000000000,        1.116227712743566
       -0.990800000000000,        1.057610160958596
       -0.986600000000000,        1.001607677628165
       -0.982400000000000,        0.948138230349132
       -0.978200000000000,        0.897121629163751
       -0.974000000000000,        0.848479497984838
       -0.969800000000000,        0.802135246297718
       -0.965600000000000,        0.758014041137589
       -0.961400000000000,        0.716042779341114
       -0.957200000000000,        0.676150060070956
       -0.953000000000000,        0.638266157611931
       -0.948800000000000,        0.602322994437592
       -0.944600000000000,        0.568254114545912
       -0.940400000000000,        0.535994657062830
       -0.936200000000000,        0.505481330112360
       -0.932000000000000,        0.476652384952038
       -0.927800000000000,        0.449447590372394
       -0.923600000000000,        0.423808207359196
       -0.919400000000000,        0.399676964017209
       -0.915200000000000,        0.376998030754180
       -0.911000000000000,        0.355716995723788
       -0.906800000000000,        0.335780840526287
       -0.902600000000000,        0.317137916165575
       -0.898400000000000,        0.299737919261426
       -0.894200000000000,        0.283531868515585
       -0.890000000000000,        0.268472081430520
       -0.885800000000000,        0.254512151279472
       -0.881600000000000,        0.241606924326616
       -0.877400000000000,        0.229712477296021
       -0.873200000000000,        0.218786095088132
       -0.869000000000000,        0.208786248742551
       -0.864800000000000,        0.199672573645794
       -0.860600000000000,        0.191405847982770
       -0.856400000000000,        0.183947971430747
       -0.852200000000000,        0.177261944094484
       -0.848000000000000,        0.171311845681295
       -0.843800000000000,        0.166062814914756
       -0.839600000000000,        0.161481029185801
       -0.835400000000000,        0.157533684439926
       -0.831200000000000,        0.154188975299224
       -0.827000000000000,        0.151416075418019
       -0.822800000000000,        0.149185118070770
       -0.818600000000000,        0.147467176971038
       -0.814400000000000,        0.146234247320188
       -0.810200000000000,        0.145459227084612
       -0.806000000000000,        0.145115898500153
       -0.801800000000000,        0.145178909802503
       -0.797600000000000,        0.145623757182268
       -0.793400000000000,        0.146426766963468
       -0.789200000000000,        0.147565078004160
       -0.785000000000000,        0.149016624317961
       -0.780800000000000,        0.150760117915158
       -0.776600000000000,        0.152775031862167
       -0.772400000000000,        0.155041583558054
       -0.768200000000000,        0.157540718226858
       -0.764000000000000,        0.160254092624435
       -0.759800000000000,        0.163164058958572
       -0.755600000000000,        0.166253649021077
       -0.751400000000000,        0.169506558530599
       -0.747200000000000,        0.172907131684892
       -0.743000000000000,        0.176440345921264
       -0.738800000000000,        0.180091796883927
       -0.734600000000000,        0.183847683597003
       -0.730400000000000,        0.187694793841889
       -0.726200000000000,        0.191620489737731
       -0.722000000000000,        0.195612693523721
       -0.717800000000000,        0.199659873541971
       -0.713600000000000,        0.203751030419669
       -0.709400000000000,        0.207875683449263
       -0.705200000000000,        0.212023857165395
       -0.701000000000000,        0.216186068117327
       -0.696800000000000,        0.220353311835572
       -0.692600000000000,        0.224517049991479
       -0.688400000000000,        0.228669197748487
       -0.684200000000000,        0.232802111303787
       -0.680000000000000,        0.236908575619126
       -0.675800000000000,        0.240981792339464
       -0.671600000000000,        0.245015367898247
       -0.667400000000000,        0.249003301807987
       -0.663200000000000,        0.252939975134918
       -0.659000000000000,        0.256820139156431
       -0.654800000000000,        0.260638904200026
       -0.650600000000000,        0.264391728662522
       -0.646400000000000,        0.268074408208234
       -0.642200000000000,        0.271683065144877
       -0.638000000000000,        0.275214137975892
       -0.633800000000000,        0.278664371127955
       -0.629600000000000,        0.282030804852383
       -0.625400000000000,        0.285310765299174
       -0.621200000000000,        0.288501854762405
       -0.617000000000000,        0.291601942095724
       -0.612800000000000,        0.294609153296670
       -0.608600000000000,        0.297521862258534
       -0.604400000000000,        0.300338681688521
       -0.600200000000000,        0.303058454190907
       -0.596000000000000,        0.305680243513957
       -0.591800000000000,        0.308203325959306
       -0.587600000000000,        0.310627181952552
       -0.583400000000000,        0.312951487773782
       -0.579200000000000,        0.315176107446766
       -0.575000000000000,        0.317301084785544
       -0.570800000000000,        0.319326635597141
       -0.566600000000000,        0.321253140039144
       -0.562400000000000,        0.323081135130861
       -0.558200000000000,        0.324811307416798
       -0.554000000000000,        0.326444485781190
       -0.549800000000000,        0.327981634412305
       -0.545600000000000,        0.329423845915259
       -0.541400000000000,        0.330772334572073
       -0.537200000000000,        0.332028429747699
       -0.533000000000000,        0.333193569440743
       -0.528800000000000,        0.334269293977625
       -0.524600000000000,        0.335257239848895
       -0.520400000000000,        0.336159133686445
       -0.516200000000000,        0.336976786380336
       -0.512000000000000,        0.337712087333990
       -0.507800000000000,        0.338366998856451
       -0.503600000000000,        0.338943550690471
       -0.499400000000000,        0.339443834675128
       -0.495200000000000,        0.339869999541732
       -0.491000000000000,        0.340224245841723
       -0.486800000000000,        0.340508821005312
       -0.482600000000000,        0.340726014529581
       -0.478400000000000,        0.340878153294789
       -0.474200000000000,        0.340967597007588
       -0.470000000000000,        0.340996733769915
       -0.465800000000000,        0.340967975772252
       -0.461600000000000,        0.340883755110022
       -0.457400000000000,        0.340746519721812
       -0.453200000000000,        0.340558729448194
       -0.449000000000000,        0.340322852209845
       -0.444800000000000,        0.340041360303702
       -0.440600000000000,        0.339716726815896
       -0.436400000000000,        0.339351422150180
       -0.432200000000000,        0.338947910670586
       -0.428000000000000,        0.338508647457050
       -0.423800000000000,        0.338036075172719
       -0.419600000000000,        0.337532621041684
       -0.415400000000000,        0.337000693935866
       -0.411200000000000,        0.336442681569780
       -0.407000000000000,        0.335860947801917
       -0.402800000000000,        0.335257830041464
       -0.398600000000000,        0.334635636759101
       -0.394400000000000,        0.333996645100599
       -0.390200000000000,        0.333343098601955
       -0.386000000000000,        0.332677205004792
       -0.381800000000000,        0.332001134170749
       -0.377600000000000,        0.331317016093601
       -0.373400000000000,        0.330626939007836
       -0.369200000000000,        0.329932947592413
       -0.365000000000000,        0.329237041268444
       -0.360800000000000,        0.328541172589514
       -0.356600000000000,        0.327847245723386
       -0.352400000000000,        0.327157115023811
       -0.348200000000000,        0.326472583691179
       -0.344000000000000,        0.325795402520730
       -0.339800000000000,        0.325127268737077
       -0.335600000000000,        0.324469824913749
       -0.331400000000000,        0.323824657976495
       -0.327200000000000,        0.323193298289084
       -0.323000000000000,        0.322577218820321
       -0.318800000000000,        0.321977834391013
       -0.314600000000000,        0.321396500999618
       -0.310400000000000,        0.320834515225311
       -0.306200000000000,        0.320293113707185
       -0.302000000000000,        0.319773472698326
       -0.297800000000000,        0.319276707693495
       -0.293600000000000,        0.318803873129141
       -0.289400000000000,        0.318355962154479
       -0.285200000000000,        0.317933906472360
       -0.281000000000000,        0.317538576248668
       -0.276800000000000,        0.317170780088971
       -0.272600000000000,        0.316831265081162
       -0.268400000000000,        0.316520716902806
       -0.264200000000000,        0.316239759991944
       -0.260000000000000,        0.315988957780069
       -0.255800000000000,        0.315768812986006
       -0.251600000000000,        0.315579767969440
       -0.247400000000000,        0.315422205142798
       -0.243200000000000,        0.315296447440240
       -0.239000000000000,        0.315202758842476
       -0.234800000000000,        0.315141344956141
       -0.230600000000000,        0.315112353646459
       -0.226400000000000,        0.315115875721929
       -0.222200000000000,        0.315151945669763
       -0.218000000000000,        0.315220542440798
       -0.213800000000000,        0.315321590282629
       -0.209600000000000,        0.315454959619674
       -0.205400000000000,        0.315620467978919
       -0.201200000000000,        0.315817880960059
       -0.197000000000000,        0.316046913248778
       -0.192800000000000,        0.316307229671885
       -0.188600000000000,        0.316598446293053
       -0.184400000000000,        0.316920131547871
       -0.180200000000000,        0.317271807416962
       -0.176000000000000,        0.317652950635877
       -0.171800000000000,        0.318062993940508
       -0.167600000000000,        0.318501327346745
       -0.163400000000000,        0.318967299463115
       -0.159200000000000,        0.319460218835115
       -0.155000000000000,        0.319979355319999
       -0.150800000000000,        0.320523941490715
       -0.146600000000000,        0.321093174067752
       -0.142400000000000,        0.321686215377610
       -0.138200000000000,        0.322302194836629
       -0.134000000000000,        0.322940210458909
       -0.129800000000000,        0.323599330387045
       -0.125600000000000,        0.324278594444415
       -0.121400000000000,        0.324977015707751
       -0.117200000000000,        0.325693582098712
       -0.113000000000000,        0.326427257993205
       -0.108800000000000,        0.327176985847179
       -0.104600000000000,        0.327941687837610
       -0.100400000000000,        0.328720267517433
       -0.096200000000000,        0.329511611483123
       -0.092000000000000,        0.330314591053677
       -0.087800000000000,        0.331128063959720
       -0.083600000000000,        0.331950876041456
       -0.079400000000000,        0.332781862954214
       -0.075200000000000,        0.333619851880305
       -0.071000000000000,        0.334463663245915
       -0.066800000000000,        0.335312112441792
       -0.062600000000000,        0.336164011546420
       -0.058400000000000,        0.337018171050439
       -0.054200000000000,        0.337873401581032
       -0.050000000000000,        0.338728515625005
       -0.045800000000000,        0.339582329249298
       -0.041600000000000,        0.340433663817650
       -0.037400000000000,        0.341281347702156
       -0.033200000000000,        0.342124217988438
       -0.029000000000000,        0.342961122173173
       -0.024800000000000,        0.343790919852692
       -0.020600000000000,        0.344612484401394
       -0.016400000000000,        0.345424704638696
       -0.012200000000000,        0.346226486483260
       -0.008000000000000,        0.347016754593213
       -0.003800000000000,        0.347794453991108
        0.000400000000000,        0.348558551672338
        0.004600000000000,        0.349308038195745
        0.008800000000000,        0.350041929255155
        0.013000000000000,        0.350759267230565
        0.017200000000000,        0.351459122717708
        0.021400000000000,        0.352140596034740
        0.025600000000000,        0.352802818704764
        0.029800000000000,        0.353444954912936
        0.034000000000000,        0.354066202936869
        0.038200000000000,        0.354665796549076
        0.042400000000000,        0.355243006390180
        0.046600000000000,        0.355797141311619
        0.050800000000000,        0.356327549686577
        0.055000000000000,        0.356833620687872
        0.059200000000000,        0.357314785531534
        0.063400000000000,        0.357770518684797
        0.067600000000000,        0.358200339037246
        0.071800000000000,        0.358603811033833
        0.076000000000000,        0.358980545768511
        0.080200000000000,        0.359330202037204
        0.084400000000000,        0.359652487348845
        0.088600000000000,        0.359947158893219
        0.092800000000000,        0.360214024464330
        0.097000000000000,        0.360452943338040
        0.101200000000000,        0.360663827102688
        0.105400000000000,        0.360846640441435
        0.109600000000000,        0.361001401865067
        0.113800000000000,        0.361128184393973
        0.118000000000000,        0.361227116188039
        0.122200000000000,        0.361298381123189
        0.126400000000000,        0.361342219313291
        0.130600000000000,        0.361358927576182
        0.134800000000000,        0.361348859842511
        0.139000000000000,        0.361312427506159
        0.143200000000000,        0.361250099714951
        0.147400000000000,        0.361162403600395
        0.151600000000000,        0.361049924445173
        0.155800000000000,        0.360913305787126
        0.160000000000000,        0.360753249458451
        0.164200000000000,        0.360570515558847
        0.168400000000000,        0.360365922361339
        0.172600000000000,        0.360140346149511
        0.176800000000000,        0.359894720984880
        0.181000000000000,        0.359630038403132
        0.185200000000000,        0.359347347037966
        0.189400000000000,        0.359047752171265
        0.193600000000000,        0.358732415208323
        0.197800000000000,        0.358402553076873
        0.202000000000000,        0.358059437548624
        0.206200000000000,        0.357704394482060
        0.210400000000000,        0.357338802985217
        0.214600000000000,        0.356964094497170
        0.218800000000000,        0.356581751786967
        0.223000000000000,        0.356193307868735
        0.227200000000000,        0.355800344831688
        0.231400000000000,        0.355404492583772
        0.235600000000000,        0.355007427507673
        0.239800000000000,        0.354610871027921
        0.244000000000000,        0.354216588087814
        0.248200000000000,        0.353826385534906
        0.252400000000000,        0.353442110413779
        0.256600000000000,        0.353065648164824
        0.260800000000000,        0.352698920727778
        0.265000000000000,        0.352343884548737
        0.269200000000000,        0.352002528489371
        0.273400000000000,        0.351676871637084
        0.277600000000000,        0.351368961014836
        0.281800000000000,        0.351080869189373
        0.286000000000000,        0.350814691776575
        0.290200000000000,        0.350572544842675
        0.294400000000000,        0.350356562200057
        0.298600000000000,        0.350168892596389
        0.302800000000000,        0.350011696795787
        0.307000000000000,        0.349887144550783
        0.311200000000000,        0.349797411463788
        0.315400000000000,        0.349744675736802
        0.319600000000000,        0.349731114808100
        0.323800000000000,        0.349758901874618
        0.328000000000000,        0.349830202298775
        0.332200000000000,        0.349947169898449
        0.336400000000000,        0.350111943118866
        0.340600000000000,        0.350326641085094
        0.344800000000000,        0.350593359533904
        0.349000000000000,        0.350914166623714
        0.353200000000000,        0.351291098621347
        0.357400000000000,        0.351726155464334
        0.361600000000000,        0.352221296197499
        0.365800000000000,        0.352778434282549
        0.370000000000000,        0.353399432779394
        0.374200000000000,        0.354086099397949
        0.378400000000000,        0.354840181419121
        0.382600000000000,        0.355663360483735
        0.386800000000000,        0.356557247248108
        0.391000000000000,        0.357523375905024
        0.395200000000000,        0.358563198568824
        0.399400000000000,        0.359678079523341
        0.403600000000000,        0.360869289331425
        0.407800000000000,        0.362137998804775
        0.412000000000000,        0.363485272832808
        0.416200000000000,        0.364912064069310
        0.420400000000000,        0.366419206475579
        0.424600000000000,        0.368007408718806
        0.428800000000000,        0.369677247424423
        0.433000000000000,        0.371429160281131
        0.437200000000000,        0.373263438997372
        0.441400000000000,        0.375180222107933
        0.445600000000000,        0.377179487629455
        0.449800000000000,        0.379261045563542
        0.454000000000000,        0.381424530246226
        0.458200000000000,        0.383669392542500
        0.462400000000000,        0.385994891884665
        0.466600000000000,        0.388400088153205
        0.470800000000000,        0.390883833398937
        0.475000000000000,        0.393444763405156
        0.479200000000000,        0.396081289088506
        0.483400000000000,        0.398791587737310
        0.487600000000000,        0.401573594086093
        0.491800000000000,        0.404424991225018
        0.496000000000000,        0.407343201342974
        0.500200000000000,        0.410325376303047
        0.504400000000000,        0.413368388049099
        0.508600000000000,        0.416468818842183
        0.512800000000000,        0.419622951325541
        0.517000000000000,        0.422826758416891
        0.521200000000000,        0.426075893026752
        0.525400000000000,        0.429365677601535
        0.529600000000000,        0.432691093490119
        0.533800000000000,        0.436046770132655
        0.538000000000000,        0.439426974070324
        0.542200000000000,        0.442825597774775
        0.546400000000000,        0.446236148295985
        0.550600000000000,        0.449651735727253
        0.554800000000000,        0.453065061486081
        0.559000000000000,        0.456468406409650
        0.563200000000000,        0.459853618663642
        0.567400000000000,        0.463212101463120
        0.571600000000000,        0.466534800604209
        0.575800000000000,        0.469812191805305
        0.580000000000000,        0.473034267856539
        0.584200000000000,        0.476190525576233
        0.588400000000000,        0.479269952573068
        0.592600000000000,        0.482261013812710
        0.596800000000000,        0.485151637987603
        0.601000000000000,        0.487929203688688
        0.605200000000000,        0.490580525377746
        0.609400000000000,        0.493091839159120
        0.613600000000000,        0.495448788349540
        0.617800000000000,        0.497636408844772
        0.622000000000000,        0.499639114281833
        0.626200000000000,        0.501440680995500
        0.630400000000000,        0.503024232767838
        0.634600000000000,        0.504372225369479
        0.638800000000000,        0.505466430891394
        0.643000000000000,        0.506287921865868
        0.647200000000000,        0.506817055175423
        0.651400000000000,        0.507033455748418
        0.655600000000000,        0.506916000040052
        0.659800000000000,        0.506442799297502
        0.664000000000000,        0.505591182607925
        0.668200000000000,        0.504337679728062
        0.672400000000000,        0.502658003694161
        0.676600000000000,        0.500527033210967
        0.680800000000000,        0.497918794818484
        0.685000000000000,        0.494806444835275
        0.689200000000000,        0.491162251076989
        0.693400000000000,        0.486957574348886
        0.697600000000000,        0.482162849711054
        0.701800000000000,        0.476747567515080
        0.706000000000000,        0.470680254210880
        0.710200000000000,        0.463928452922433
        0.714400000000000,        0.456458703791150
        0.718600000000000,        0.448236524085599
        0.722800000000000,        0.439226388076318
        0.727000000000000,        0.429391706674460
        0.731200000000000,        0.418694806832981
        0.735400000000000,        0.407096910709116
        0.739600000000000,        0.394558114586870
        0.743800000000000,        0.381037367558238
        0.748000000000000,        0.366492449961921
        0.752200000000000,        0.350879951578229
        0.756400000000000,        0.334155249578926
        0.760600000000000,        0.316272486230740
        0.764800000000000,        0.297184546351265
        0.769000000000000,        0.276843034515991
        0.773200000000000,        0.255198252015195
        0.777400000000000,        0.232199173559407
        0.781600000000000,        0.207793423732205
        0.785800000000000,        0.181927253189050
        0.790000000000000,        0.154545514600907
        0.794200000000000,        0.125591638341363
        0.798400000000000,        0.095007607915990
        0.802600000000000,        0.062733935132680
        0.806800000000000,        0.028709635011673
        0.811000000000000,       -0.007127799565977
        0.815200000000000,       -0.044842423472786
        0.819400000000000,       -0.084499865213324
        0.823600000000000,       -0.126167353068084
        0.827800000000000,       -0.169913741503992
        0.832000000000000,       -0.215809537852850
        0.836200000000000,       -0.263926929258942
        0.840400000000000,       -0.314339809897128
        0.844600000000000,       -0.367123808462633
        0.848800000000000,       -0.422356315933863
        0.853000000000000,       -0.480116513609464
        0.857200000000000,       -0.540485401420923
        0.861400000000000,       -0.603545826521978
        0.865600000000000,       -0.669382512156107
        0.869800000000000,       -0.738082086803346
        0.874000000000000,       -0.809733113607736
        0.878200000000000,       -0.884426120086640
        0.882400000000000,       -0.962253628123240
        0.886600000000000,       -1.043310184243408
        0.890800000000000,       -1.127692390178323
        0.895000000000000,       -1.215498933714025
        0.899200000000000,       -1.306830619829187
        0.903400000000000,       -1.401790402122406
        0.907600000000000,       -1.500483414530300
        0.911800000000000,       -1.603017003337524
        0.916000000000000,       -1.709500759480258
        0.920200000000000,       -1.820046551144166
        0.924400000000000,       -1.934768556658231
        0.928600000000000,       -2.053783297685708
        0.932800000000000,       -2.177209672713484
        0.937000000000000,       -2.305168990841063
        0.941200000000000,       -2.437785005870508
        0.945400000000000,       -2.575183950698569
        0.949600000000000,       -2.717494572012270
        0.953800000000000,       -2.864848165289235
        0.958000000000000,       -3.017378610104043
        0.962200000000000,       -3.175222405741821
        0.966400000000000,       -3.338518707120407
        0.970600000000000,       -3.507409361022328
        0.974800000000000,       -3.682038942637846
        0.979000000000000,       -3.862554792420370
        0.983200000000000,       -4.049107053255493
        0.987400000000000,       -4.241848707944917
        0.991600000000000,       -4.440935617006541
        0.995800000000000,       -4.646526556791980
        1.000000000000000,       -4.858783257922789
