        0.000000000000000,        1.000000000000000,        0.000000000000000
        0.001000000000000,        1.000000000000000,       -0.000001358640688
        0.002000000000000,        0.999999997282719,       -0.000005433561388
        0.003000000000000,        0.999999989132877,       -0.000012222757990
        0.004000000000000,        0.999999972837203,       -0.000021724223606
        0.005000000000000,        0.999999945684430,       -0.000033935948542
        0.006000000000000,        0.999999904965306,       -0.000048855920265
        0.007000000000000,        0.999999847972590,       -0.000066482123380
        0.008000000000000,        0.999999772001059,       -0.000086812539594
        0.009000000000000,        0.999999674347511,       -0.000109845147691
        0.010000000000000,        0.999999552310764,       -0.000135577923502
        0.011000000000000,        0.999999403191664,       -0.000164008839873
        0.012000000000000,        0.999999224293084,       -0.000195135866639
        0.013000000000000,        0.999999012919931,       -0.000228956970592
        0.014000000000000,        0.999998766379143,       -0.000265470115456
        0.015000000000000,        0.999998481979700,       -0.000304673261853
        0.016000000000000,        0.999998157032620,       -0.000346564367276
        0.017000000000000,        0.999997788850966,       -0.000391141386060
        0.018000000000000,        0.999997374749848,       -0.000438402269353
        0.019000000000000,        0.999996912046428,       -0.000488344965088
        0.020000000000000,        0.999996398059919,       -0.000540967417950
        0.021000000000000,        0.999995830111593,       -0.000596267569352
        0.022000000000000,        0.999995205524781,       -0.000654243357403
        0.023000000000000,        0.999994521624879,       -0.000714892716880
        0.024000000000000,        0.999993775739348,       -0.000778213579200
        0.025000000000000,        0.999992965197721,       -0.000844203872388
        0.026000000000000,        0.999992087331604,       -0.000912861521053
        0.027000000000000,        0.999991139474680,       -0.000984184446356
        0.028000000000000,        0.999990118962713,       -0.001058170565979
        0.029000000000000,        0.999989023133550,       -0.001134817794104
        0.030000000000000,        0.999987849327126,       -0.001214124041378
        0.031000000000000,        0.999986594885469,       -0.001296087214883
        0.032000000000000,        0.999985257152698,       -0.001380705218114
        0.033000000000000,        0.999983833475034,       -0.001467975950946
        0.034000000000000,        0.999982321200798,       -0.001557897309606
        0.035000000000000,        0.999980717680417,       -0.001650467186644
        0.036000000000000,        0.999979020266427,       -0.001745683470907
        0.037000000000000,        0.999977226313478,       -0.001843544047509
        0.038000000000000,        0.999975333178334,       -0.001944046797801
        0.039000000000000,        0.999973338219884,       -0.002047189599347
        0.040000000000000,        0.999971238799138,       -0.002152970325889
        0.041000000000000,        0.999969032279236,       -0.002261386847328
        0.042000000000000,        0.999966716025447,       -0.002372437029686
        0.043000000000000,        0.999964287405179,       -0.002486118735086
        0.044000000000000,        0.999961743787980,       -0.002602429821718
        0.045000000000000,        0.999959082545539,       -0.002721368143814
        0.046000000000000,        0.999956301051696,       -0.002842931551620
        0.047000000000000,        0.999953396682440,       -0.002967117891365
        0.048000000000000,        0.999950366815917,       -0.003093925005238
        0.049000000000000,        0.999947208832433,       -0.003223350731355
        0.050000000000000,        0.999943920114458,       -0.003355392903734
        0.051000000000000,        0.999940498046630,       -0.003490049352268
        0.052000000000000,        0.999936940015759,       -0.003627317902693
        0.053000000000000,        0.999933243410830,       -0.003767196376567
        0.054000000000000,        0.999929405623010,       -0.003909682591233
        0.055000000000000,        0.999925424045652,       -0.004054774359801
        0.056000000000000,        0.999921296074296,       -0.004202469491113
        0.057000000000000,        0.999917019106676,       -0.004352765789721
        0.058000000000000,        0.999912590542722,       -0.004505661055855
        0.059000000000000,        0.999908007784570,       -0.004661153085398
        0.060000000000000,        0.999903268236558,       -0.004819239669856
        0.061000000000000,        0.999898369305237,       -0.004979918596335
        0.062000000000000,        0.999893308399372,       -0.005143187647509
        0.063000000000000,        0.999888082929948,       -0.005309044601597
        0.064000000000000,        0.999882690310176,       -0.005477487232331
        0.065000000000000,        0.999877127955491,       -0.005648513308931
        0.066000000000000,        0.999871393283565,       -0.005822120596081
        0.067000000000000,        0.999865483714306,       -0.005998306853896
        0.068000000000000,        0.999859396669865,       -0.006177069837898
        0.069000000000000,        0.999853129574639,       -0.006358407298990
        0.070000000000000,        0.999846679855276,       -0.006542316983425
        0.071000000000000,        0.999840044940681,       -0.006728796632785
        0.072000000000000,        0.999833222262019,       -0.006917843983949
        0.073000000000000,        0.999826209252722,       -0.007109456769067
        0.074000000000000,        0.999819003348490,       -0.007303632715535
        0.075000000000000,        0.999811601987300,       -0.007500369545968
        0.076000000000000,        0.999804002609408,       -0.007699664978170
        0.077000000000000,        0.999796202657354,       -0.007901516725114
        0.078000000000000,        0.999788199575969,       -0.008105922494907
        0.079000000000000,        0.999779990812375,       -0.008312879990769
        0.080000000000000,        0.999771573815998,       -0.008522386911006
        0.081000000000000,        0.999762946038565,       -0.008734440948982
        0.082000000000000,        0.999754104934112,       -0.008949039793094
        0.083000000000000,        0.999745047958990,       -0.009166181126742
        0.084000000000000,        0.999735772571870,       -0.009385862628309
        0.085000000000000,        0.999726276233746,       -0.009608081971130
        0.086000000000000,        0.999716556407941,       -0.009832836823464
        0.087000000000000,        0.999706610560112,       -0.010060124848476
        0.088000000000000,        0.999696436158257,       -0.010289943704201
        0.089000000000000,        0.999686030672717,       -0.010522291043525
        0.090000000000000,        0.999675391576184,       -0.010757164514156
        0.091000000000000,        0.999664516343703,       -0.010994561758599
        0.092000000000000,        0.999653402452681,       -0.011234480414129
        0.093000000000000,        0.999642047382890,       -0.011476918112765
        0.094000000000000,        0.999630448616471,       -0.011721872481248
        0.095000000000000,        0.999618603637943,       -0.011969341141008
        0.096000000000000,        0.999606509934205,       -0.012219321708146
        0.097000000000000,        0.999594164994543,       -0.012471811793404
        0.098000000000000,        0.999581566310635,       -0.012726809002139
        0.099000000000000,        0.999568711376555,       -0.012984310934300
        0.100000000000000,        0.999555597688783,       -0.013244315184401
        0.101000000000000,        0.999542222746204,       -0.013506819341496
        0.102000000000000,        0.999528584050118,       -0.013771820989153
        0.103000000000000,        0.999514679104244,       -0.014039317705429
        0.104000000000000,        0.999500505414726,       -0.014309307062847
        0.105000000000000,        0.999486060490137,       -0.014581786628366
        0.106000000000000,        0.999471341841488,       -0.014856753963361
        0.107000000000000,        0.999456346982230,       -0.015134206623593
        0.108000000000000,        0.999441073428261,       -0.015414142159189
        0.109000000000000,        0.999425518697932,       -0.015696558114613
        0.110000000000000,        0.999409680312053,       -0.015981452028643
        0.111000000000000,        0.999393555793896,       -0.016268821434347
        0.112000000000000,        0.999377142669206,       -0.016558663859054
        0.113000000000000,        0.999360438466200,       -0.016850976824336
        0.114000000000000,        0.999343440715579,       -0.017145757845978
        0.115000000000000,        0.999326146950531,       -0.017443004433953
        0.116000000000000,        0.999308554706734,       -0.017742714092404
        0.117000000000000,        0.999290661522369,       -0.018044884319612
        0.118000000000000,        0.999272464938119,       -0.018349512607974
        0.119000000000000,        0.999253962497178,       -0.018656596443982
        0.120000000000000,        0.999235151745256,       -0.018966133308194
        0.121000000000000,        0.999216030230586,       -0.019278120675212
        0.122000000000000,        0.999196595503931,       -0.019592556013658
        0.123000000000000,        0.999176845118585,       -0.019909436786150
        0.124000000000000,        0.999156776630385,       -0.020228760449277
        0.125000000000000,        0.999136387597713,       -0.020550524453574
        0.126000000000000,        0.999115675581505,       -0.020874726243502
        0.127000000000000,        0.999094638145254,       -0.021201363257420
        0.128000000000000,        0.999073272855018,       -0.021530432927565
        0.129000000000000,        0.999051577279427,       -0.021861932680025
        0.130000000000000,        0.999029548989687,       -0.022195859934715
        0.131000000000000,        0.999007185559587,       -0.022532212105358
        0.132000000000000,        0.998984484565506,       -0.022870986599457
        0.133000000000000,        0.998961443586418,       -0.023212180818274
        0.134000000000000,        0.998938060203900,       -0.023555792156804
        0.135000000000000,        0.998914332002136,       -0.023901818003756
        0.136000000000000,        0.998890256567924,       -0.024250255741524
        0.137000000000000,        0.998865831490684,       -0.024601102746170
        0.138000000000000,        0.998841054362464,       -0.024954356387397
        0.139000000000000,        0.998815922777943,       -0.025310014028525
        0.140000000000000,        0.998790434334440,       -0.025668073026473
        0.141000000000000,        0.998764586631923,       -0.026028530731732
        0.142000000000000,        0.998738377273011,       -0.026391384488341
        0.143000000000000,        0.998711803862981,       -0.026756631633870
        0.144000000000000,        0.998684864009778,       -0.027124269499392
        0.145000000000000,        0.998657555324018,       -0.027494295409461
        0.146000000000000,        0.998629875418996,       -0.027866706682093
        0.147000000000000,        0.998601821910691,       -0.028241500628741
        0.148000000000000,        0.998573392417775,       -0.028618674554271
        0.149000000000000,        0.998544584561620,       -0.028998225756943
        0.150000000000000,        0.998515395966299,       -0.029380151528386
        0.151000000000000,        0.998485824258602,       -0.029764449153580
        0.152000000000000,        0.998455867068031,       -0.030151115910827
        0.153000000000000,        0.998425522026819,       -0.030540149071735
        0.154000000000000,        0.998394786769928,       -0.030931545901195
        0.155000000000000,        0.998363658935058,       -0.031325303657357
        0.156000000000000,        0.998332136162654,       -0.031721419591610
        0.157000000000000,        0.998300216095916,       -0.032119890948558
        0.158000000000000,        0.998267896380799,       -0.032520714966002
        0.159000000000000,        0.998235174666027,       -0.032923888874916
        0.160000000000000,        0.998202048603093,       -0.033329409899425
        0.161000000000000,        0.998168515846272,       -0.033737275256787
        0.162000000000000,        0.998134574052624,       -0.034147482157366
        0.163000000000000,        0.998100220882002,       -0.034560027804616
        0.164000000000000,        0.998065453997060,       -0.034974909395058
        0.165000000000000,        0.998030271063257,       -0.035392124118257
        0.166000000000000,        0.997994669748870,       -0.035811669156806
        0.167000000000000,        0.997958647724991,       -0.036233541686298
        0.168000000000000,        0.997922202665544,       -0.036657738875311
        0.169000000000000,        0.997885332247288,       -0.037084257885385
        0.170000000000000,        0.997848034149822,       -0.037513095871001
        0.171000000000000,        0.997810306055595,       -0.037944249979562
        0.172000000000000,        0.997772145649913,       -0.038377717351371
        0.173000000000000,        0.997733550620943,       -0.038813495119608
        0.174000000000000,        0.997694518659724,       -0.039251580410317
        0.175000000000000,        0.997655047460173,       -0.039691970342379
        0.176000000000000,        0.997615134719091,       -0.040134662027493
        0.177000000000000,        0.997574778136171,       -0.040579652570160
        0.178000000000000,        0.997533975414004,       -0.041026939067657
        0.179000000000000,        0.997492724258089,       -0.041476518610022
        0.180000000000000,        0.997451022376838,       -0.041928388280029
        0.181000000000000,        0.997408867481584,       -0.042382545153176
        0.182000000000000,        0.997366257286587,       -0.042838986297657
        0.183000000000000,        0.997323189509044,       -0.043297708774348
        0.184000000000000,        0.997279661869095,       -0.043758709636783
        0.185000000000000,        0.997235672089828,       -0.044221985931141
        0.186000000000000,        0.997191217897290,       -0.044687534696219
        0.187000000000000,        0.997146297020494,       -0.045155352963418
        0.188000000000000,        0.997100907191422,       -0.045625437756724
        0.189000000000000,        0.997055046145039,       -0.046097786092684
        0.190000000000000,        0.997008711619297,       -0.046572394980392
        0.191000000000000,        0.996961901355139,       -0.047049261421469
        0.192000000000000,        0.996914613096515,       -0.047528382410043
        0.193000000000000,        0.996866844590381,       -0.048009754932729
        0.194000000000000,        0.996818593586712,       -0.048493375968615
        0.195000000000000,        0.996769857838507,       -0.048979242489239
        0.196000000000000,        0.996720635101797,       -0.049467351458573
        0.197000000000000,        0.996670923135654,       -0.049957699833003
        0.198000000000000,        0.996620719702196,       -0.050450284561311
        0.199000000000000,        0.996570022566597,       -0.050945102584661
        0.200000000000000,        0.996518829497093,       -0.051442150836572
        0.201000000000000,        0.996467138264990,       -0.051941426242909
        0.202000000000000,        0.996414946644674,       -0.052442925721860
        0.203000000000000,        0.996362252413615,       -0.052946646183920
        0.204000000000000,        0.996309053352375,       -0.053452584531873
        0.205000000000000,        0.996255347244620,       -0.053960737660775
        0.206000000000000,        0.996201131877124,       -0.054471102457933
        0.207000000000000,        0.996146405039775,       -0.054983675802893
        0.208000000000000,        0.996091164525589,       -0.055498454567420
        0.209000000000000,        0.996035408130712,       -0.056015435615478
        0.210000000000000,        0.995979133654430,       -0.056534615803219
        0.211000000000000,        0.995922338899179,       -0.057055991978961
        0.212000000000000,        0.995865021670546,       -0.057579560983172
        0.213000000000000,        0.995807179777287,       -0.058105319648456
        0.214000000000000,        0.995748811031324,       -0.058633264799530
        0.215000000000000,        0.995689913247763,       -0.059163393253216
        0.216000000000000,        0.995630484244894,       -0.059695701818417
        0.217000000000000,        0.995570521844204,       -0.060230187296103
        0.218000000000000,        0.995510023870380,       -0.060766846479298
        0.219000000000000,        0.995448988151323,       -0.061305676153057
        0.220000000000000,        0.995387412518153,       -0.061846673094456
        0.221000000000000,        0.995325294805214,       -0.062389834072574
        0.222000000000000,        0.995262632850088,       -0.062935155848473
        0.223000000000000,        0.995199424493598,       -0.063482635175190
        0.224000000000000,        0.995135667579819,       -0.064032268797715
        0.225000000000000,        0.995071359956085,       -0.064584053452977
        0.226000000000000,        0.995006499472996,       -0.065137985869828
        0.227000000000000,        0.994941083984429,       -0.065694062769032
        0.228000000000000,        0.994875111347543,       -0.066252280863241
        0.229000000000000,        0.994808579422788,       -0.066812636856988
        0.230000000000000,        0.994741486073915,       -0.067375127446668
        0.231000000000000,        0.994673829167981,       -0.067939749320523
        0.232000000000000,        0.994605606575361,       -0.068506499158628
        0.233000000000000,        0.994536816169752,       -0.069075373632875
        0.234000000000000,        0.994467455828184,       -0.069646369406960
        0.235000000000000,        0.994397523431027,       -0.070219483136367
        0.236000000000000,        0.994327016862001,       -0.070794711468354
        0.237000000000000,        0.994255934008181,       -0.071372051041939
        0.238000000000000,        0.994184272760009,       -0.071951498487884
        0.239000000000000,        0.994112031011298,       -0.072533050428683
        0.240000000000000,        0.994039206659244,       -0.073116703478547
        0.241000000000000,        0.993965797604434,       -0.073702454243390
        0.242000000000000,        0.993891801750852,       -0.074290299320814
        0.243000000000000,        0.993817217005887,       -0.074880235300098
        0.244000000000000,        0.993742041280347,       -0.075472258762182
        0.245000000000000,        0.993666272488460,       -0.076066366279653
        0.246000000000000,        0.993589908547885,       -0.076662554416734
        0.247000000000000,        0.993512947379724,       -0.077260819729270
        0.248000000000000,        0.993435386908525,       -0.077861158764712
        0.249000000000000,        0.993357225062294,       -0.078463568062109
        0.250000000000000,        0.993278459772501,       -0.079068044152089
        0.251000000000000,        0.993199088974090,       -0.079674583556851
        0.252000000000000,        0.993119110605489,       -0.080283182790150
        0.253000000000000,        0.993038522608612,       -0.080893838357286
        0.254000000000000,        0.992957322928877,       -0.081506546755088
        0.255000000000000,        0.992875509515206,       -0.082121304471905
        0.256000000000000,        0.992793080320038,       -0.082738107987592
        0.257000000000000,        0.992710033299336,       -0.083356953773499
        0.258000000000000,        0.992626366412597,       -0.083977838292458
        0.259000000000000,        0.992542077622858,       -0.084600757998771
        0.260000000000000,        0.992457164896707,       -0.085225709338197
        0.261000000000000,        0.992371626204290,       -0.085852688747945
        0.262000000000000,        0.992285459519320,       -0.086481692656654
        0.263000000000000,        0.992198662819086,       -0.087112717484392
        0.264000000000000,        0.992111234084461,       -0.087745759642634
        0.265000000000000,        0.992023171299912,       -0.088380815534258
        0.266000000000000,        0.991934472453505,       -0.089017881553532
        0.267000000000000,        0.991845135536917,       -0.089656954086102
        0.268000000000000,        0.991755158545446,       -0.090298029508981
        0.269000000000000,        0.991664539478014,       -0.090941104190538
        0.270000000000000,        0.991573276337180,       -0.091586174490491
        0.271000000000000,        0.991481367129149,       -0.092233236759890
        0.272000000000000,        0.991388809863777,       -0.092882287341112
        0.273000000000000,        0.991295602554584,       -0.093533322567847
        0.274000000000000,        0.991201743218759,       -0.094186338765092
        0.275000000000000,        0.991107229877172,       -0.094841332249134
        0.276000000000000,        0.991012060554381,       -0.095498299327549
        0.277000000000000,        0.990916233278638,       -0.096157236299184
        0.278000000000000,        0.990819746081903,       -0.096818139454151
        0.279000000000000,        0.990722596999851,       -0.097481005073819
        0.280000000000000,        0.990624784071878,       -0.098145829430800
        0.281000000000000,        0.990526305341113,       -0.098812608788944
        0.282000000000000,        0.990427158854425,       -0.099481339403326
        0.283000000000000,        0.990327342662432,       -0.100152017520240
        0.284000000000000,        0.990226854819510,       -0.100824639377188
        0.285000000000000,        0.990125693383804,       -0.101499201202872
        0.286000000000000,        0.990023856417232,       -0.102175699217184
        0.287000000000000,        0.989921341985498,       -0.102854129631199
        0.288000000000000,        0.989818148158098,       -0.103534488647167
        0.289000000000000,        0.989714273008333,       -0.104216772458500
        0.290000000000000,        0.989609714613312,       -0.104900977249769
        0.291000000000000,        0.989504471053965,       -0.105587099196695
        0.292000000000000,        0.989398540415051,       -0.106275134466138
        0.293000000000000,        0.989291920785166,       -0.106965079216090
        0.294000000000000,        0.989184610256752,       -0.107656929595672
        0.295000000000000,        0.989076606926109,       -0.108350681745117
        0.296000000000000,        0.988967908893398,       -0.109046331795773
        0.297000000000000,        0.988858514262654,       -0.109743875870086
        0.298000000000000,        0.988748421141794,       -0.110443310081601
        0.299000000000000,        0.988637627642628,       -0.111144630534948
        0.300000000000000,        0.988526131880863,       -0.111847833325839
        0.301000000000000,        0.988413931976116,       -0.112552914541062
        0.302000000000000,        0.988301026051921,       -0.113259870258468
        0.303000000000000,        0.988187412235740,       -0.113968696546972
        0.304000000000000,        0.988073088658969,       -0.114679389466542
        0.305000000000000,        0.987958053456950,       -0.115391945068194
        0.306000000000000,        0.987842304768976,       -0.116106359393984
        0.307000000000000,        0.987725840738306,       -0.116822628477005
        0.308000000000000,        0.987608659512167,       -0.117540748341379
        0.309000000000000,        0.987490759241769,       -0.118260715002250
        0.310000000000000,        0.987372138082310,       -0.118982524465780
        0.311000000000000,        0.987252794192985,       -0.119706172729144
        0.312000000000000,        0.987132725737000,       -0.120431655780523
        0.313000000000000,        0.987011930881573,       -0.121158969599098
        0.314000000000000,        0.986890407797952,       -0.121888110155047
        0.315000000000000,        0.986768154661414,       -0.122619073409539
        0.316000000000000,        0.986645169651284,       -0.123351855314727
        0.317000000000000,        0.986521450950937,       -0.124086451813747
        0.318000000000000,        0.986396996747810,       -0.124822858840710
        0.319000000000000,        0.986271805233410,       -0.125561072320698
        0.320000000000000,        0.986145874603324,       -0.126301088169763
        0.321000000000000,        0.986019203057226,       -0.127042902294915
        0.322000000000000,        0.985891788798891,       -0.127786510594128
        0.323000000000000,        0.985763630036195,       -0.128531908956327
        0.324000000000000,        0.985634724981136,       -0.129279093261389
        0.325000000000000,        0.985505071849832,       -0.130028059380137
        0.326000000000000,        0.985374668862536,       -0.130778803174339
        0.327000000000000,        0.985243514243644,       -0.131531320496701
        0.328000000000000,        0.985111606221704,       -0.132285607190866
        0.329000000000000,        0.984978943029425,       -0.133041659091410
        0.330000000000000,        0.984845522903685,       -0.133799472023840
        0.331000000000000,        0.984711344085541,       -0.134559041804587
        0.332000000000000,        0.984576404820240,       -0.135320364241010
        0.333000000000000,        0.984440703357225,       -0.136083435131386
        0.334000000000000,        0.984304237950144,       -0.136848250264914
        0.335000000000000,        0.984167006856863,       -0.137614805421706
        0.336000000000000,        0.984029008339469,       -0.138383096372791
        0.337000000000000,        0.983890240664287,       -0.139153118880108
        0.338000000000000,        0.983750702101879,       -0.139924868696507
        0.339000000000000,        0.983610390927064,       -0.140698341565746
        0.340000000000000,        0.983469305418920,       -0.141473533222488
        0.341000000000000,        0.983327443860792,       -0.142250439392302
        0.342000000000000,        0.983184804540309,       -0.143029055791658
        0.343000000000000,        0.983041385749383,       -0.143809378127931
        0.344000000000000,        0.982897185784228,       -0.144591402099394
        0.345000000000000,        0.982752202945360,       -0.145375123395219
        0.346000000000000,        0.982606435537614,       -0.146160537695479
        0.347000000000000,        0.982459881870147,       -0.146947640671143
        0.348000000000000,        0.982312540256450,       -0.147736427984077
        0.349000000000000,        0.982164409014358,       -0.148526895287044
        0.350000000000000,        0.982015486466057,       -0.149319038223703
        0.351000000000000,        0.981865770938092,       -0.150112852428608
        0.352000000000000,        0.981715260761381,       -0.150908333527210
        0.353000000000000,        0.981563954271220,       -0.151705477135855
        0.354000000000000,        0.981411849807293,       -0.152504278861785
        0.355000000000000,        0.981258945713681,       -0.153304734303140
        0.356000000000000,        0.981105240338872,       -0.154106839048952
        0.357000000000000,        0.980950732035770,       -0.154910588679156
        0.358000000000000,        0.980795419161701,       -0.155715978764581
        0.359000000000000,        0.980639300078428,       -0.156523004866957
        0.360000000000000,        0.980482373152156,       -0.157331662538911
        0.361000000000000,        0.980324636753540,       -0.158141947323975
        0.362000000000000,        0.980166089257699,       -0.158953854756580
        0.363000000000000,        0.980006729044219,       -0.159767380362062
        0.364000000000000,        0.979846554497167,       -0.160582519656662
        0.365000000000000,        0.979685564005098,       -0.161399268147528
        0.366000000000000,        0.979523755961066,       -0.162217621332717
        0.367000000000000,        0.979361128762628,       -0.163037574701197
        0.368000000000000,        0.979197680811859,       -0.163859123732847
        0.369000000000000,        0.979033410515359,       -0.164682263898464
        0.370000000000000,        0.978868316284260,       -0.165506990659761
        0.371000000000000,        0.978702396534237,       -0.166333299469371
        0.372000000000000,        0.978535649685520,       -0.167161185770850
        0.373000000000000,        0.978368074162896,       -0.167990644998680
        0.374000000000000,        0.978199668395723,       -0.168821672578271
        0.375000000000000,        0.978030430817941,       -0.169654263925965
        0.376000000000000,        0.977860359868074,       -0.170488414449040
        0.377000000000000,        0.977689453989246,       -0.171324119545710
        0.378000000000000,        0.977517711629187,       -0.172161374605134
        0.379000000000000,        0.977345131240241,       -0.173000175007413
        0.380000000000000,        0.977171711279378,       -0.173840516123602
        0.381000000000000,        0.976997450208201,       -0.174682393315705
        0.382000000000000,        0.976822346492954,       -0.175525801936686
        0.383000000000000,        0.976646398604536,       -0.176370737330470
        0.384000000000000,        0.976469605018503,       -0.177217194831948
        0.385000000000000,        0.976291964215082,       -0.178065169766982
        0.386000000000000,        0.976113474679180,       -0.178914657452411
        0.387000000000000,        0.975934134900389,       -0.179765653196051
        0.388000000000000,        0.975753943373001,       -0.180618152296705
        0.389000000000000,        0.975572898596010,       -0.181472150044168
        0.390000000000000,        0.975390999073127,       -0.182327641719226
        0.391000000000000,        0.975208243312787,       -0.183184622593670
        0.392000000000000,        0.975024629828156,       -0.184043087930296
        0.393000000000000,        0.974840157137143,       -0.184903032982913
        0.394000000000000,        0.974654823762408,       -0.185764452996347
        0.395000000000000,        0.974468628231370,       -0.186627343206449
        0.396000000000000,        0.974281569076215,       -0.187491698840098
        0.397000000000000,        0.974093644833910,       -0.188357515115211
        0.398000000000000,        0.973904854046206,       -0.189224787240750
        0.399000000000000,        0.973715195259651,       -0.190093510416721
        0.400000000000000,        0.973524667025596,       -0.190963679834191
        0.401000000000000,        0.973333267900207,       -0.191835290675287
        0.402000000000000,        0.973140996444470,       -0.192708338113206
        0.403000000000000,        0.972947851224206,       -0.193582817312225
        0.404000000000000,        0.972753830810072,       -0.194458723427700
        0.405000000000000,        0.972558933777578,       -0.195336051606083
        0.406000000000000,        0.972363158707089,       -0.196214796984923
        0.407000000000000,        0.972166504183837,       -0.197094954692877
        0.408000000000000,        0.971968968797933,       -0.197976519849716
        0.409000000000000,        0.971770551144369,       -0.198859487566334
        0.410000000000000,        0.971571249823032,       -0.199743852944755
        0.411000000000000,        0.971371063438712,       -0.200629611078145
        0.412000000000000,        0.971169990601109,       -0.201516757050813
        0.413000000000000,        0.970968029924845,       -0.202405285938229
        0.414000000000000,        0.970765180029468,       -0.203295192807023
        0.415000000000000,        0.970561439539467,       -0.204186472715002
        0.416000000000000,        0.970356807084275,       -0.205079120711156
        0.417000000000000,        0.970151281298282,       -0.205973131835663
        0.418000000000000,        0.969944860820842,       -0.206868501119907
        0.419000000000000,        0.969737544296282,       -0.207765223586478
        0.420000000000000,        0.969529330373910,       -0.208663294249190
        0.421000000000000,        0.969320217708025,       -0.209562708113083
        0.422000000000000,        0.969110204957926,       -0.210463460174440
        0.423000000000000,        0.968899290787919,       -0.211365545420792
        0.424000000000000,        0.968687473867328,       -0.212268958830930
        0.425000000000000,        0.968474752870502,       -0.213173695374916
        0.426000000000000,        0.968261126476823,       -0.214079750014090
        0.427000000000000,        0.968046593370720,       -0.214987117701086
        0.428000000000000,        0.967831152241668,       -0.215895793379839
        0.429000000000000,        0.967614801784208,       -0.216805771985595
        0.430000000000000,        0.967397540697946,       -0.217717048444927
        0.431000000000000,        0.967179367687568,       -0.218629617675739
        0.432000000000000,        0.966960281462845,       -0.219543474587284
        0.433000000000000,        0.966740280738645,       -0.220458614080173
        0.434000000000000,        0.966519364234937,       -0.221375031046382
        0.435000000000000,        0.966297530676805,       -0.222292720369274
        0.436000000000000,        0.966074778794452,       -0.223211676923599
        0.437000000000000,        0.965851107323213,       -0.224131895575517
        0.438000000000000,        0.965626515003557,       -0.225053371182600
        0.439000000000000,        0.965401000581104,       -0.225976098593853
        0.440000000000000,        0.965174562806627,       -0.226900072649721
        0.441000000000000,        0.964947200436063,       -0.227825288182104
        0.442000000000000,        0.964718912230521,       -0.228751740014369
        0.443000000000000,        0.964489696956294,       -0.229679422961361
        0.444000000000000,        0.964259553384859,       -0.230608331829421
        0.445000000000000,        0.964028480292896,       -0.231538461416394
        0.446000000000000,        0.963796476462289,       -0.232469806511646
        0.447000000000000,        0.963563540680136,       -0.233402361896073
        0.448000000000000,        0.963329671738761,       -0.234336122342119
        0.449000000000000,        0.963094868435717,       -0.235271082613790
        0.450000000000000,        0.962859129573799,       -0.236207237466663
        0.451000000000000,        0.962622453961050,       -0.237144581647905
        0.452000000000000,        0.962384840410770,       -0.238083109896283
        0.453000000000000,        0.962146287741526,       -0.239022816942183
        0.454000000000000,        0.961906794777155,       -0.239963697507620
        0.455000000000000,        0.961666360346780,       -0.240905746306256
        0.456000000000000,        0.961424983284813,       -0.241848958043411
        0.457000000000000,        0.961182662430965,       -0.242793327416082
        0.458000000000000,        0.960939396630253,       -0.243738849112955
        0.459000000000000,        0.960695184733012,       -0.244685517814421
        0.460000000000000,        0.960450025594898,       -0.245633328192593
        0.461000000000000,        0.960203918076901,       -0.246582274911318
        0.462000000000000,        0.959956861045351,       -0.247532352626195
        0.463000000000000,        0.959708853371925,       -0.248483555984590
        0.464000000000000,        0.959459893933659,       -0.249435879625654
        0.465000000000000,        0.959209981612952,       -0.250389318180333
        0.466000000000000,        0.958959115297577,       -0.251343866271391
        0.467000000000000,        0.958707293880689,       -0.252299518513423
        0.468000000000000,        0.958454516260831,       -0.253256269512871
        0.469000000000000,        0.958200781341944,       -0.254214113868042
        0.470000000000000,        0.957946088033376,       -0.255173046169122
        0.471000000000000,        0.957690435249889,       -0.256133060998197
        0.472000000000000,        0.957433821911664,       -0.257094152929268
        0.473000000000000,        0.957176246944314,       -0.258056316528265
        0.474000000000000,        0.956917709278892,       -0.259019546353069
        0.475000000000000,        0.956658207851894,       -0.259983836953528
        0.476000000000000,        0.956397741605272,       -0.260949182871473
        0.477000000000000,        0.956136309486439,       -0.261915578640736
        0.478000000000000,        0.955873910448279,       -0.262883018787168
        0.479000000000000,        0.955610543449154,       -0.263851497828660
        0.480000000000000,        0.955346207452912,       -0.264821010275156
        0.481000000000000,        0.955080901428894,       -0.265791550628673
        0.482000000000000,        0.954814624351946,       -0.266763113383322
        0.483000000000000,        0.954547375202420,       -0.267735693025322
        0.484000000000000,        0.954279152966188,       -0.268709284033023
        0.485000000000000,        0.954009956634648,       -0.269683880876920
        0.486000000000000,        0.953739785204729,       -0.270659478019677
        0.487000000000000,        0.953468637678904,       -0.271636069916143
        0.488000000000000,        0.953196513065193,       -0.272613651013371
        0.489000000000000,        0.952923410377175,       -0.273592215750638
        0.490000000000000,        0.952649328633990,       -0.274571758559464
        0.491000000000000,        0.952374266860354,       -0.275552273863633
        0.492000000000000,        0.952098224086562,       -0.276533756079211
        0.493000000000000,        0.951821199348496,       -0.277516199614566
        0.494000000000000,        0.951543191687634,       -0.278499598870388
        0.495000000000000,        0.951264200151057,       -0.279483948239711
        0.496000000000000,        0.950984223791457,       -0.280469242107931
        0.497000000000000,        0.950703261667144,       -0.281455474852825
        0.498000000000000,        0.950421312842055,       -0.282442640844577
        0.499000000000000,        0.950138376385760,       -0.283430734445791
        0.500000000000000,        0.949854451373469,       -0.284419750011520
        0.501000000000000,        0.949569536886043,       -0.285409681889280
        0.502000000000000,        0.949283632009998,       -0.286400524419073
        0.503000000000000,        0.948996735837513,       -0.287392271933411
        0.504000000000000,        0.948708847466440,       -0.288384918757335
        0.505000000000000,        0.948419966000308,       -0.289378459208434
        0.506000000000000,        0.948130090548333,       -0.290372887596872
        0.507000000000000,        0.947839220225425,       -0.291368198225404
        0.508000000000000,        0.947547354152194,       -0.292364385389404
        0.509000000000000,        0.947254491454958,       -0.293361443376879
        0.510000000000000,        0.946960631265753,       -0.294359366468498
        0.511000000000000,        0.946665772722335,       -0.295358148937612
        0.512000000000000,        0.946369914968192,       -0.296357785050274
        0.513000000000000,        0.946073057152550,       -0.297358269065265
        0.514000000000000,        0.945775198430378,       -0.298359595234115
        0.515000000000000,        0.945476337962398,       -0.299361757801123
        0.516000000000000,        0.945176474915093,       -0.300364751003385
        0.517000000000000,        0.944875608460710,       -0.301368569070815
        0.518000000000000,        0.944573737777270,       -0.302373206226163
        0.519000000000000,        0.944270862048577,       -0.303378656685048
        0.520000000000000,        0.943966980464221,       -0.304384914655972
        0.521000000000000,        0.943662092219587,       -0.305391974340349
        0.522000000000000,        0.943356196515862,       -0.306399829932526
        0.523000000000000,        0.943049292560044,       -0.307408475619809
        0.524000000000000,        0.942741379564946,       -0.308417905582484
        0.525000000000000,        0.942432456749203,       -0.309428113993844
        0.526000000000000,        0.942122523337283,       -0.310439095020208
        0.527000000000000,        0.941811578559488,       -0.311450842820953
        0.528000000000000,        0.941499621651967,       -0.312463351548530
        0.529000000000000,        0.941186651856718,       -0.313476615348496
        0.530000000000000,        0.940872668421598,       -0.314490628359531
        0.531000000000000,        0.940557670600327,       -0.315505384713469
        0.532000000000000,        0.940241657652500,       -0.316520878535321
        0.533000000000000,        0.939924628843586,       -0.317537103943296
        0.534000000000000,        0.939606583444943,       -0.318554055048832
        0.535000000000000,        0.939287520733819,       -0.319571725956619
        0.536000000000000,        0.938967439993362,       -0.320590110764621
        0.537000000000000,        0.938646340512623,       -0.321609203564106
        0.538000000000000,        0.938324221586566,       -0.322628998439669
        0.539000000000000,        0.938001082516077,       -0.323649489469258
        0.540000000000000,        0.937676922607962,       -0.324670670724201
        0.541000000000000,        0.937351741174964,       -0.325692536269230
        0.542000000000000,        0.937025537535760,       -0.326715080162508
        0.543000000000000,        0.936698311014975,       -0.327738296455656
        0.544000000000000,        0.936370060943186,       -0.328762179193775
        0.545000000000000,        0.936040786656925,       -0.329786722415479
        0.546000000000000,        0.935710487498693,       -0.330811920152917
        0.547000000000000,        0.935379162816959,       -0.331837766431799
        0.548000000000000,        0.935046811966169,       -0.332864255271425
        0.549000000000000,        0.934713434306756,       -0.333891380684712
        0.550000000000000,        0.934379029205141,       -0.334919136678219
        0.551000000000000,        0.934043596033742,       -0.335947517252174
        0.552000000000000,        0.933707134170979,       -0.336976516400504
        0.553000000000000,        0.933369643001284,       -0.338006128110858
        0.554000000000000,        0.933031121915101,       -0.339036346364638
        0.555000000000000,        0.932691570308899,       -0.340067165137025
        0.556000000000000,        0.932350987585172,       -0.341098578397006
        0.557000000000000,        0.932009373152450,       -0.342130580107403
        0.558000000000000,        0.931666726425304,       -0.343163164224899
        0.559000000000000,        0.931323046824348,       -0.344196324700069
        0.560000000000000,        0.930978333776251,       -0.345230055477404
        0.561000000000000,        0.930632586713741,       -0.346264350495342
        0.562000000000000,        0.930285805075609,       -0.347299203686296
        0.563000000000000,        0.929937988306718,       -0.348334608976680
        0.564000000000000,        0.929589135858006,       -0.349370560286941
        0.565000000000000,        0.929239247186495,       -0.350407051531584
        0.566000000000000,        0.928888321755294,       -0.351444076619204
        0.567000000000000,        0.928536359033608,       -0.352481629452512
        0.568000000000000,        0.928183358496741,       -0.353519703928366
        0.569000000000000,        0.927829319626104,       -0.354558293937798
        0.570000000000000,        0.927474241909219,       -0.355597393366044
        0.571000000000000,        0.927118124839727,       -0.356636996092574
        0.572000000000000,        0.926760967917389,       -0.357677095991120
        0.573000000000000,        0.926402770648100,       -0.358717686929706
        0.574000000000000,        0.926043532543886,       -0.359758762770677
        0.575000000000000,        0.925683253122915,       -0.360800317370730
        0.576000000000000,        0.925321931909502,       -0.361842344580942
        0.577000000000000,        0.924959568434111,       -0.362884838246799
        0.578000000000000,        0.924596162233366,       -0.363927792208231
        0.579000000000000,        0.924231712850054,       -0.364971200299634
        0.580000000000000,        0.923866219833127,       -0.366015056349908
        0.581000000000000,        0.923499682737714,       -0.367059354182482
        0.582000000000000,        0.923132101125123,       -0.368104087615345
        0.583000000000000,        0.922763474562845,       -0.369149250461079
        0.584000000000000,        0.922393802624562,       -0.370194836526887
        0.585000000000000,        0.922023084890153,       -0.371240839614624
        0.586000000000000,        0.921651320945696,       -0.372287253520828
        0.587000000000000,        0.921278510383475,       -0.373334072036751
        0.588000000000000,        0.920904652801987,       -0.374381288948391
        0.589000000000000,        0.920529747805943,       -0.375428898036519
        0.590000000000000,        0.920153795006279,       -0.376476893076715
        0.591000000000000,        0.919776794020155,       -0.377525267839394
        0.592000000000000,        0.919398744470966,       -0.378574016089842
        0.593000000000000,        0.919019645988343,       -0.379623131588247
        0.594000000000000,        0.918639498208157,       -0.380672608089724
        0.595000000000000,        0.918258300772531,       -0.381722439344355
        0.596000000000000,        0.917876053329837,       -0.382772619097216
        0.597000000000000,        0.917492755534705,       -0.383823141088409
        0.598000000000000,        0.917108407048030,       -0.384873999053094
        0.599000000000000,        0.916723007536969,       -0.385925186721523
        0.600000000000000,        0.916336556674957,       -0.386976697819068
        0.601000000000000,        0.915949054141702,       -0.388028526066257
        0.602000000000000,        0.915560499623196,       -0.389080665178802
        0.603000000000000,        0.915170892811717,       -0.390133108867635
        0.604000000000000,        0.914780233405833,       -0.391185850838939
        0.605000000000000,        0.914388521110412,       -0.392238884794180
        0.606000000000000,        0.913995755636619,       -0.393292204430138
        0.607000000000000,        0.913601936701926,       -0.394345803438944
        0.608000000000000,        0.913207064030115,       -0.395399675508109
        0.609000000000000,        0.912811137351284,       -0.396453814320555
        0.610000000000000,        0.912414156401850,       -0.397508213554653
        0.611000000000000,        0.912016120924551,       -0.398562866884253
        0.612000000000000,        0.911617030668458,       -0.399617767978716
        0.613000000000000,        0.911216885388971,       -0.400672910502949
        0.614000000000000,        0.910815684847829,       -0.401728288117437
        0.615000000000000,        0.910413428813114,       -0.402783894478278
        0.616000000000000,        0.910010117059251,       -0.403839723237212
        0.617000000000000,        0.909605749367018,       -0.404895768041659
        0.618000000000000,        0.909200325523547,       -0.405952022534751
        0.619000000000000,        0.908793845322328,       -0.407008480355364
        0.620000000000000,        0.908386308563216,       -0.408065135138153
        0.621000000000000,        0.907977715052433,       -0.409121980513584
        0.622000000000000,        0.907568064602570,       -0.410179010107973
        0.623000000000000,        0.907157357032598,       -0.411236217543511
        0.624000000000000,        0.906745592167865,       -0.412293596438307
        0.625000000000000,        0.906332769840104,       -0.413351140406414
        0.626000000000000,        0.905918889887436,       -0.414408843057870
        0.627000000000000,        0.905503952154372,       -0.415466697998727
        0.628000000000000,        0.905087956491822,       -0.416524698831086
        0.629000000000000,        0.904670902757094,       -0.417582839153136
        0.630000000000000,        0.904252790813900,       -0.418641112559179
        0.631000000000000,        0.903833620532360,       -0.419699512639676
        0.632000000000000,        0.903413391789006,       -0.420758032981270
        0.633000000000000,        0.902992104466784,       -0.421816667166830
        0.634000000000000,        0.902569758455059,       -0.422875408775479
        0.635000000000000,        0.902146353649619,       -0.423934251382631
        0.636000000000000,        0.901721889952680,       -0.424993188560027
        0.637000000000000,        0.901296367272887,       -0.426052213875769
        0.638000000000000,        0.900869785525317,       -0.427111320894352
        0.639000000000000,        0.900442144631486,       -0.428170503176704
        0.640000000000000,        0.900013444519352,       -0.429229754280217
        0.641000000000000,        0.899583685123315,       -0.430289067758782
        0.642000000000000,        0.899152866384223,       -0.431348437162829
        0.643000000000000,        0.898720988249379,       -0.432407856039354
        0.644000000000000,        0.898288050672535,       -0.433467317931962
        0.645000000000000,        0.897854053613905,       -0.434526816380898
        0.646000000000000,        0.897418997040164,       -0.435586344923084
        0.647000000000000,        0.896982880924450,       -0.436645897092152
        0.648000000000000,        0.896545705246371,       -0.437705466418483
        0.649000000000000,        0.896107469992005,       -0.438765046429239
        0.650000000000000,        0.895668175153905,       -0.439824630648403
        0.651000000000000,        0.895227820731101,       -0.440884212596808
        0.652000000000000,        0.894786406729104,       -0.441943785792180
        0.653000000000000,        0.894343933159910,       -0.443003343749168
        0.654000000000000,        0.893900400042000,       -0.444062879979383
        0.655000000000000,        0.893455807400345,       -0.445122387991433
        0.656000000000000,        0.893010155266411,       -0.446181861290957
        0.657000000000000,        0.892563443678158,       -0.447241293380665
        0.658000000000000,        0.892115672680044,       -0.448300677760370
        0.659000000000000,        0.891666842323032,       -0.449360007927027
        0.660000000000000,        0.891216952664586,       -0.450419277374767
        0.661000000000000,        0.890766003768679,       -0.451478479594932
        0.662000000000000,        0.890313995705792,       -0.452537608076117
        0.663000000000000,        0.889860928552923,       -0.453596656304200
        0.664000000000000,        0.889406802393581,       -0.454655617762380
        0.665000000000000,        0.888951617317795,       -0.455714485931215
        0.666000000000000,        0.888495373422116,       -0.456773254288656
        0.667000000000000,        0.888038070809615,       -0.457831916310086
        0.668000000000000,        0.887579709589894,       -0.458890465468356
        0.669000000000000,        0.887120289879077,       -0.459948895233817
        0.670000000000000,        0.886659811799824,       -0.461007199074363
        0.671000000000000,        0.886198275481327,       -0.462065370455465
        0.672000000000000,        0.885735681059313,       -0.463123402840206
        0.673000000000000,        0.885272028676046,       -0.464181289689318
        0.674000000000000,        0.884807318480333,       -0.465239024461222
        0.675000000000000,        0.884341550627523,       -0.466296600612062
        0.676000000000000,        0.883874725279509,       -0.467354011595742
        0.677000000000000,        0.883406842604732,       -0.468411250863961
        0.678000000000000,        0.882937902778182,       -0.469468311866255
        0.679000000000000,        0.882467905981401,       -0.470525188050029
        0.680000000000000,        0.881996852402483,       -0.471581872860596
        0.681000000000000,        0.881524742236081,       -0.472638359741214
        0.682000000000000,        0.881051575683402,       -0.473694642133122
        0.683000000000000,        0.880577352952216,       -0.474750713475579
        0.684000000000000,        0.880102074256853,       -0.475806567205898
        0.685000000000000,        0.879625739818207,       -0.476862196759485
        0.686000000000000,        0.879148349863737,       -0.477917595569879
        0.687000000000000,        0.878669904627470,       -0.478972757068781
        0.688000000000000,        0.878190404350002,       -0.480027674686101
        0.689000000000000,        0.877709849278500,       -0.481082341849988
        0.690000000000000,        0.877228239666705,       -0.482136751986869
        0.691000000000000,        0.876745575774930,       -0.483190898521490
        0.692000000000000,        0.876261857870066,       -0.484244774876948
        0.693000000000000,        0.875777086225580,       -0.485298374474731
        0.694000000000000,        0.875291261121520,       -0.486351690734755
        0.695000000000000,        0.874804382844515,       -0.487404717075402
        0.696000000000000,        0.874316451687774,       -0.488457446913556
        0.697000000000000,        0.873827467951092,       -0.489509873664642
        0.698000000000000,        0.873337431940849,       -0.490561990742661
        0.699000000000000,        0.872846343970012,       -0.491613791560230
        0.700000000000000,        0.872354204358134,       -0.492665269528620
        0.701000000000000,        0.871861013431360,       -0.493716418057789
        0.702000000000000,        0.871366771522424,       -0.494767230556426
        0.703000000000000,        0.870871478970653,       -0.495817700431982
        0.704000000000000,        0.870375136121966,       -0.496867821090713
        0.705000000000000,        0.869877743328877,       -0.497917585937713
        0.706000000000000,        0.869379300950496,       -0.498966988376957
        0.707000000000000,        0.868879809352529,       -0.500016021811332
        0.708000000000000,        0.868379268907280,       -0.501064679642681
        0.709000000000000,        0.867877679993650,       -0.502112955271835
        0.710000000000000,        0.867375042997143,       -0.503160842098656
        0.711000000000000,        0.866871358309860,       -0.504208333522071
        0.712000000000000,        0.866366626330505,       -0.505255422940111
        0.713000000000000,        0.865860847464386,       -0.506302103749946
        0.714000000000000,        0.865354022123412,       -0.507348369347930
        0.715000000000000,        0.864846150726097,       -0.508394213129630
        0.716000000000000,        0.864337233697560,       -0.509439628489868
        0.717000000000000,        0.863827271469525,       -0.510484608822760
        0.718000000000000,        0.863316264480322,       -0.511529147521751
        0.719000000000000,        0.862804213174889,       -0.512573237979654
        0.720000000000000,        0.862291118004770,       -0.513616873588687
        0.721000000000000,        0.861776979428119,       -0.514660047740512
        0.722000000000000,        0.861261797909697,       -0.515702753826272
        0.723000000000000,        0.860745573920874,       -0.516744985236629
        0.724000000000000,        0.860228307939631,       -0.517786735361801
        0.725000000000000,        0.859710000450558,       -0.518827997591601
        0.726000000000000,        0.859190651944856,       -0.519868765315475
        0.727000000000000,        0.858670262920336,       -0.520909031922537
        0.728000000000000,        0.858148833881419,       -0.521948790801611
        0.729000000000000,        0.857626365339140,       -0.522988035341264
        0.730000000000000,        0.857102857811145,       -0.524026758929848
        0.731000000000000,        0.856578311821689,       -0.525064954955537
        0.732000000000000,        0.856052727901642,       -0.526102616806362
        0.733000000000000,        0.855526106588484,       -0.527139737870252
        0.734000000000000,        0.854998448426310,       -0.528176311535070
        0.735000000000000,        0.854469753965822,       -0.529212331188650
        0.736000000000000,        0.853940023764341,       -0.530247790218838
        0.737000000000000,        0.853409258385793,       -0.531282682013528
        0.738000000000000,        0.852877458400722,       -0.532316999960696
        0.739000000000000,        0.852344624386280,       -0.533350737448447
        0.740000000000000,        0.851810756926233,       -0.534383887865041
        0.741000000000000,        0.851275856610958,       -0.535416444598941
        0.742000000000000,        0.850739924037444,       -0.536448401038844
        0.743000000000000,        0.850202959809289,       -0.537479750573723
        0.744000000000000,        0.849664964536705,       -0.538510486592862
        0.745000000000000,        0.849125938836512,       -0.539540602485894
        0.746000000000000,        0.848585883332141,       -0.540570091642840
        0.747000000000000,        0.848044798653634,       -0.541598947454146
        0.748000000000000,        0.847502685437641,       -0.542627163310720
        0.749000000000000,        0.846959544327421,       -0.543654732603970
        0.750000000000000,        0.846415375972841,       -0.544681648725844
        0.751000000000000,        0.845870181030377,       -0.545707905068862
        0.752000000000000,        0.845323960163111,       -0.546733495026160
        0.753000000000000,        0.844776714040733,       -0.547758411991523
        0.754000000000000,        0.844228443339536,       -0.548782649359425
        0.755000000000000,        0.843679148742422,       -0.549806200525064
        0.756000000000000,        0.843128830938894,       -0.550829058884404
        0.757000000000000,        0.842577490625061,       -0.551851217834208
        0.758000000000000,        0.842025128503633,       -0.552872670772076
        0.759000000000000,        0.841471745283924,       -0.553893411096488
        0.760000000000000,        0.840917341681848,       -0.554913432206832
        0.761000000000000,        0.840361918419918,       -0.555932727503449
        0.762000000000000,        0.839805476227248,       -0.556951290387668
        0.763000000000000,        0.839248015839550,       -0.557969114261844
        0.764000000000000,        0.838689537999132,       -0.558986192529392
        0.765000000000000,        0.838130043454898,       -0.560002518594830
        0.766000000000000,        0.837569532962349,       -0.561018085863811
        0.767000000000000,        0.837008007283577,       -0.562032887743164
        0.768000000000000,        0.836445467187269,       -0.563046917640928
        0.769000000000000,        0.835881913448702,       -0.564060168966393
        0.770000000000000,        0.835317346849743,       -0.565072635130134
        0.771000000000000,        0.834751768178848,       -0.566084309544050
        0.772000000000000,        0.834185178231061,       -0.567095185621398
        0.773000000000000,        0.833617577808012,       -0.568105256776837
        0.774000000000000,        0.833048967717914,       -0.569114516426457
        0.775000000000000,        0.832479348775565,       -0.570122957987820
        0.776000000000000,        0.831908721802344,       -0.571130574879998
        0.777000000000000,        0.831337087626210,       -0.572137360523607
        0.778000000000000,        0.830764447081702,       -0.573143308340847
        0.779000000000000,        0.830190801009934,       -0.574148411755536
        0.780000000000000,        0.829616150258596,       -0.575152664193150
        0.781000000000000,        0.829040495681953,       -0.576156059080856
        0.782000000000000,        0.828463838140839,       -0.577158589847552
        0.783000000000000,        0.827886178502662,       -0.578160249923902
        0.784000000000000,        0.827307517641396,       -0.579161032742374
        0.785000000000000,        0.826727856437582,       -0.580160931737276
        0.786000000000000,        0.826147195778325,       -0.581159940344792
        0.787000000000000,        0.825565536557296,       -0.582158052003020
        0.788000000000000,        0.824982879674723,       -0.583155260152006
        0.789000000000000,        0.824399226037395,       -0.584151558233784
        0.790000000000000,        0.823814576558659,       -0.585146939692410
        0.791000000000000,        0.823228932158414,       -0.586141397973999
        0.792000000000000,        0.822642293763114,       -0.587134926526763
        0.793000000000000,        0.822054662305763,       -0.588127518801043
        0.794000000000000,        0.821466038725914,       -0.589119168249352
        0.795000000000000,        0.820876423969666,       -0.590109868326402
        0.796000000000000,        0.820285818989663,       -0.591099612489151
        0.797000000000000,        0.819694224745090,       -0.592088394196832
        0.798000000000000,        0.819101642201671,       -0.593076206910988
        0.799000000000000,        0.818508072331669,       -0.594063044095515
        0.800000000000000,        0.817913516113881,       -0.595048899216691
        0.801000000000000,        0.817317974533636,       -0.596033765743217
        0.802000000000000,        0.816721448582795,       -0.597017637146248
        0.803000000000000,        0.816123939259744,       -0.598000506899436
        0.804000000000000,        0.815525447569396,       -0.598982368478956
        0.805000000000000,        0.814925974523186,       -0.599963215363552
        0.806000000000000,        0.814325521139069,       -0.600943041034564
        0.807000000000000,        0.813724088441516,       -0.601921838975971
        0.808000000000000,        0.813121677461516,       -0.602899602674421
        0.809000000000000,        0.812518289236566,       -0.603876325619269
        0.810000000000000,        0.811913924810675,       -0.604852001302612
        0.811000000000000,        0.811308585234359,       -0.605826623219325
        0.812000000000000,        0.810702271564635,       -0.606800184867096
        0.813000000000000,        0.810094984865022,       -0.607772679746461
        0.814000000000000,        0.809486726205539,       -0.608744101360840
        0.815000000000000,        0.808877496662698,       -0.609714443216571
        0.816000000000000,        0.808267297319503,       -0.610683698822946
        0.817000000000000,        0.807656129265448,       -0.611651861692247
        0.818000000000000,        0.807043993596514,       -0.612618925339778
        0.819000000000000,        0.806430891415164,       -0.613584883283904
        0.820000000000000,        0.805816823830342,       -0.614549729046082
        0.821000000000000,        0.805201791957467,       -0.615513456150900
        0.822000000000000,        0.804585796918435,       -0.616476058126107
        0.823000000000000,        0.803968839841609,       -0.617437528502651
        0.824000000000000,        0.803350921861823,       -0.618397860814713
        0.825000000000000,        0.802732044120373,       -0.619357048599743
        0.826000000000000,        0.802112207765017,       -0.620315085398490
        0.827000000000000,        0.801491413949969,       -0.621271964755041
        0.828000000000000,        0.800869663835900,       -0.622227680216853
        0.829000000000000,        0.800246958589928,       -0.623182225334789
        0.830000000000000,        0.799623299385622,       -0.624135593663151
        0.831000000000000,        0.798998687402993,       -0.625087778759714
        0.832000000000000,        0.798373123828494,       -0.626038774185762
        0.833000000000000,        0.797746609855013,       -0.626988573506118
        0.834000000000000,        0.797119146681872,       -0.627937170289185
        0.835000000000000,        0.796490735514824,       -0.628884558106971
        0.836000000000000,        0.795861377566048,       -0.629830730535131
        0.837000000000000,        0.795231074054143,       -0.630775681152994
        0.838000000000000,        0.794599826204130,       -0.631719403543603
        0.839000000000000,        0.793967635247444,       -0.632661891293744
        0.840000000000000,        0.793334502421931,       -0.633603137993981
        0.841000000000000,        0.792700428971844,       -0.634543137238689
        0.842000000000000,        0.792065416147841,       -0.635481882626090
        0.843000000000000,        0.791429465206979,       -0.636419367758283
        0.844000000000000,        0.790792577412711,       -0.637355586241277
        0.845000000000000,        0.790154754034882,       -0.638290531685029
        0.846000000000000,        0.789515996349726,       -0.639224197703472
        0.847000000000000,        0.788876305639860,       -0.640156577914550
        0.848000000000000,        0.788235683194282,       -0.641087665940250
        0.849000000000000,        0.787594130308364,       -0.642017455406637
        0.850000000000000,        0.786951648283852,       -0.642945939943886
        0.851000000000000,        0.786308238428860,       -0.643873113186312
        0.852000000000000,        0.785663902057863,       -0.644798968772406
        0.853000000000000,        0.785018640491697,       -0.645723500344868
        0.854000000000000,        0.784372455057555,       -0.646646701550635
        0.855000000000000,        0.783725347088977,       -0.647568566040919
        0.856000000000000,        0.783077317925854,       -0.648489087471233
        0.857000000000000,        0.782428368914416,       -0.649408259501432
        0.858000000000000,        0.781778501407231,       -0.650326075795734
        0.859000000000000,        0.781127716763204,       -0.651242530022763
        0.860000000000000,        0.780476016347565,       -0.652157615855574
        0.861000000000000,        0.779823401531871,       -0.653071326971686
        0.862000000000000,        0.779169873694000,       -0.653983657053117
        0.863000000000000,        0.778515434218143,       -0.654894599786411
        0.864000000000000,        0.777860084494804,       -0.655804148862674
        0.865000000000000,        0.777203825920794,       -0.656712297977603
        0.866000000000000,        0.776546659899225,       -0.657619040831517
        0.867000000000000,        0.775888587839507,       -0.658524371129392
        0.868000000000000,        0.775229611157341,       -0.659428282580888
        0.869000000000000,        0.774569731274719,       -0.660330768900383
        0.870000000000000,        0.773908949619915,       -0.661231823807002
        0.871000000000000,        0.773247267627479,       -0.662131441024650
        0.872000000000000,        0.772584686738238,       -0.663029614282042
        0.873000000000000,        0.771921208399287,       -0.663926337312734
        0.874000000000000,        0.771256834063985,       -0.664821603855154
        0.875000000000000,        0.770591565191948,       -0.665715407652632
        0.876000000000000,        0.769925403249050,       -0.666607742453431
        0.877000000000000,        0.769258349707412,       -0.667498602010778
        0.878000000000000,        0.768590406045399,       -0.668387980082894
        0.879000000000000,        0.767921573747615,       -0.669275870433023
        0.880000000000000,        0.767251854304901,       -0.670162266829464
        0.881000000000000,        0.766581249214325,       -0.671047163045602
        0.882000000000000,        0.765909759979178,       -0.671930552859935
        0.883000000000000,        0.765237388108972,       -0.672812430056106
        0.884000000000000,        0.764564135119432,       -0.673692788422931
        0.885000000000000,        0.763890002532492,       -0.674571621754432
        0.886000000000000,        0.763214991876288,       -0.675448923849865
        0.887000000000000,        0.762539104685157,       -0.676324688513747
        0.888000000000000,        0.761862342499625,       -0.677198909555889
        0.889000000000000,        0.761184706866409,       -0.678071580791425
        0.890000000000000,        0.760506199338405,       -0.678942696040839
        0.891000000000000,        0.759826821474689,       -0.679812249129996
        0.892000000000000,        0.759146574840507,       -0.680680233890171
        0.893000000000000,        0.758465461007270,       -0.681546644158076
        0.894000000000000,        0.757783481552551,       -0.682411473775893
        0.895000000000000,        0.757100638060078,       -0.683274716591298
        0.896000000000000,        0.756416932119728,       -0.684136366457492
        0.897000000000000,        0.755732365327522,       -0.684996417233231
        0.898000000000000,        0.755046939285620,       -0.685854862782851
        0.899000000000000,        0.754360655602314,       -0.686711696976299
        0.900000000000000,        0.753673515892024,       -0.687566913689162
        0.901000000000000,        0.752985521775292,       -0.688420506802691
        0.902000000000000,        0.752296674878774,       -0.689272470203833
        0.903000000000000,        0.751606976835239,       -0.690122797785258
        0.904000000000000,        0.750916429283558,       -0.690971483445387
        0.905000000000000,        0.750225033868702,       -0.691818521088418
        0.906000000000000,        0.749532792241734,       -0.692663904624355
        0.907000000000000,        0.748839706059806,       -0.693507627969037
        0.908000000000000,        0.748145776986148,       -0.694349685044162
        0.909000000000000,        0.747451006690068,       -0.695190069777318
        0.910000000000000,        0.746755396846944,       -0.696028776102008
        0.911000000000000,        0.746058949138214,       -0.696865797957677
        0.912000000000000,        0.745361665251377,       -0.697701129289740
        0.913000000000000,        0.744663546879983,       -0.698534764049609
        0.914000000000000,        0.743964595723626,       -0.699366696194719
        0.915000000000000,        0.743264813487940,       -0.700196919688554
        0.916000000000000,        0.742564201884595,       -0.701025428500678
        0.917000000000000,        0.741862762631285,       -0.701852216606754
        0.918000000000000,        0.741160497451726,       -0.702677277988578
        0.919000000000000,        0.740457408075652,       -0.703500606634100
        0.920000000000000,        0.739753496238801,       -0.704322196537451
        0.921000000000000,        0.739048763682919,       -0.705142041698973
        0.922000000000000,        0.738343212155745,       -0.705960136125239
        0.923000000000000,        0.737636843411010,       -0.706776473829085
        0.924000000000000,        0.736929659208428,       -0.707591048829629
        0.925000000000000,        0.736221661313691,       -0.708403855152302
        0.926000000000000,        0.735512851498463,       -0.709214886828872
        0.927000000000000,        0.734803231540372,       -0.710024137897469
        0.928000000000000,        0.734092803223005,       -0.710831602402609
        0.929000000000000,        0.733381568335904,       -0.711637274395222
        0.930000000000000,        0.732669528674551,       -0.712441147932675
        0.931000000000000,        0.731956686040374,       -0.713243217078798
        0.932000000000000,        0.731243042240728,       -0.714043475903907
        0.933000000000000,        0.730528599088900,       -0.714841918484832
        0.934000000000000,        0.729813358404092,       -0.715638538904937
        0.935000000000000,        0.729097322011423,       -0.716433331254151
        0.936000000000000,        0.728380491741916,       -0.717226289628986
        0.937000000000000,        0.727662869432496,       -0.718017408132564
        0.938000000000000,        0.726944456925981,       -0.718806680874641
        0.939000000000000,        0.726225256071076,       -0.719594101971633
        0.940000000000000,        0.725505268722366,       -0.720379665546635
        0.941000000000000,        0.724784496740311,       -0.721163365729451
        0.942000000000000,        0.724062941991235,       -0.721945196656612
        0.943000000000000,        0.723340606347324,       -0.722725152471402
        0.944000000000000,        0.722617491686618,       -0.723503227323885
        0.945000000000000,        0.721893599893001,       -0.724279415370921
        0.946000000000000,        0.721168932856200,       -0.725053710776195
        0.947000000000000,        0.720443492471772,       -0.725826107710239
        0.948000000000000,        0.719717280641102,       -0.726596600350453
        0.949000000000000,        0.718990299271393,       -0.727365182881129
        0.950000000000000,        0.718262550275661,       -0.728131849493475
        0.951000000000000,        0.717534035572726,       -0.728896594385637
        0.952000000000000,        0.716804757087209,       -0.729659411762721
        0.953000000000000,        0.716074716749519,       -0.730420295836814
        0.954000000000000,        0.715343916495853,       -0.731179240827009
        0.955000000000000,        0.714612358268182,       -0.731936240959428
        0.956000000000000,        0.713880044014250,       -0.732691290467239
        0.957000000000000,        0.713146975687563,       -0.733444383590683
        0.958000000000000,        0.712413155247383,       -0.734195514577095
        0.959000000000000,        0.711678584658722,       -0.734944677680922
        0.960000000000000,        0.710943265892334,       -0.735691867163749
        0.961000000000000,        0.710207200924707,       -0.736437077294319
        0.962000000000000,        0.709470391738057,       -0.737180302348553
        0.963000000000000,        0.708732840320320,       -0.737921536609574
        0.964000000000000,        0.707994548665147,       -0.738660774367725
        0.965000000000000,        0.707255518771893,       -0.739398009920593
        0.966000000000000,        0.706515752645614,       -0.740133237573028
        0.967000000000000,        0.705775252297054,       -0.740866451637162
        0.968000000000000,        0.705034019742645,       -0.741597646432435
        0.969000000000000,        0.704292057004494,       -0.742326816285611
        0.970000000000000,        0.703549366110378,       -0.743053955530800
        0.971000000000000,        0.702805949093736,       -0.743779058509477
        0.972000000000000,        0.702061807993662,       -0.744502119570504
        0.973000000000000,        0.701316944854897,       -0.745223133070151
        0.974000000000000,        0.700571361727823,       -0.745942093372111
        0.975000000000000,        0.699825060668453,       -0.746658994847525
        0.976000000000000,        0.699078043738427,       -0.747373831874999
        0.977000000000000,        0.698330313005001,       -0.748086598840624
        0.978000000000000,        0.697581870541043,       -0.748797290137996
        0.979000000000000,        0.696832718425021,       -0.749505900168236
        0.980000000000000,        0.696082858741002,       -0.750212423340006
        0.981000000000000,        0.695332293578636,       -0.750916854069531
        0.982000000000000,        0.694581025033157,       -0.751619186780619
        0.983000000000000,        0.693829055205368,       -0.752319415904675
        0.984000000000000,        0.693076386201639,       -0.753017535880724
        0.985000000000000,        0.692323020133897,       -0.753713541155430
        0.986000000000000,        0.691568959119618,       -0.754407426183110
        0.987000000000000,        0.690814205281820,       -0.755099185425757
        0.988000000000000,        0.690058760749055,       -0.755788813353055
        0.989000000000000,        0.689302627655402,       -0.756476304442398
        0.990000000000000,        0.688545808140457,       -0.757161653178911
        0.991000000000000,        0.687788304349330,       -0.757844854055463
        0.992000000000000,        0.687030118432631,       -0.758525901572688
        0.993000000000000,        0.686271252546468,       -0.759204790238999
        0.994000000000000,        0.685511708852436,       -0.759881514570611
        0.995000000000000,        0.684751489517609,       -0.760556069091554
        0.996000000000000,        0.683990596714533,       -0.761228448333693
        0.997000000000000,        0.683229032621221,       -0.761898646836741
        0.998000000000000,        0.682466799421139,       -0.762566659148280
        0.999000000000000,        0.681703899303203,       -0.763232479823779
        1.000000000000000,        0.680940334461769,       -0.763896103426603
