        0.000000000000000,        1.000000000000000,        0.000000000000000
        0.001000000000000,        0.999999998641610,       -0.000003622207479
        0.002000000000000,        0.999999992303373,       -0.000009959024884
        0.003000000000000,        0.999999978271682,       -0.000019008445794
        0.004000000000000,        0.999999953834939,       -0.000030768460986
        0.005000000000000,        0.999999916283554,       -0.000045237058405
        0.006000000000000,        0.999999862909951,       -0.000062412223137
        0.007000000000000,        0.999999791008573,       -0.000082291937376
        0.008000000000000,        0.999999697875880,       -0.000104874180398
        0.009000000000000,        0.999999580810354,       -0.000130156928529
        0.010000000000000,        0.999999437112502,       -0.000158138155117
        0.011000000000000,        0.999999264084861,       -0.000188815830503
        0.012000000000000,        0.999999059031998,       -0.000222187921992
        0.013000000000000,        0.999998819260515,       -0.000258252393821
        0.014000000000000,        0.999998542079049,       -0.000297007207134
        0.015000000000000,        0.999998224798279,       -0.000338450319950
        0.016000000000000,        0.999997864730929,       -0.000382579687135
        0.017000000000000,        0.999997459191767,       -0.000429393260371
        0.018000000000000,        0.999997005497614,       -0.000478888988132
        0.019000000000000,        0.999996500967340,       -0.000531064815647
        0.020000000000000,        0.999995942921875,       -0.000585918684881
        0.021000000000000,        0.999995328684207,       -0.000643448534496
        0.022000000000000,        0.999994655579388,       -0.000703652299828
        0.023000000000000,        0.999993920934536,       -0.000766527912860
        0.024000000000000,        0.999993122078838,       -0.000832073302185
        0.025000000000000,        0.999992256343554,       -0.000900286392987
        0.026000000000000,        0.999991321062022,       -0.000971165107003
        0.027000000000000,        0.999990313569659,       -0.001044707362503
        0.028000000000000,        0.999989231203965,       -0.001120911074253
        0.029000000000000,        0.999988071304528,       -0.001199774153495
        0.030000000000000,        0.999986831213026,       -0.001281294507909
        0.031000000000000,        0.999985508273232,       -0.001365470041593
        0.032000000000000,        0.999984099831014,       -0.001452298655028
        0.033000000000000,        0.999982603234346,       -0.001541778245054
        0.034000000000000,        0.999981015833302,       -0.001633906704838
        0.035000000000000,        0.999979334980068,       -0.001728681923848
        0.036000000000000,        0.999977558028942,       -0.001826101787824
        0.037000000000000,        0.999975682336335,       -0.001926164178750
        0.038000000000000,        0.999973705260783,       -0.002028866974823
        0.039000000000000,        0.999971624162942,       -0.002134208050429
        0.040000000000000,        0.999969436405597,       -0.002242185276111
        0.041000000000000,        0.999967139353664,       -0.002352796518543
        0.042000000000000,        0.999964730374193,       -0.002466039640502
        0.043000000000000,        0.999962206836376,       -0.002581912500837
        0.044000000000000,        0.999959566111546,       -0.002700412954444
        0.045000000000000,        0.999956805573184,       -0.002821538852237
        0.046000000000000,        0.999953922596922,       -0.002945288041121
        0.047000000000000,        0.999950914560545,       -0.003071658363960
        0.048000000000000,        0.999947778844002,       -0.003200647659555
        0.049000000000000,        0.999944512829400,       -0.003332253762610
        0.050000000000000,        0.999941113901016,       -0.003466474503710
        0.051000000000000,        0.999937579445299,       -0.003603307709289
        0.052000000000000,        0.999933906850873,       -0.003742751201604
        0.053000000000000,        0.999930093508540,       -0.003884802798705
        0.054000000000000,        0.999926136811289,       -0.004029460314413
        0.055000000000000,        0.999922034154296,       -0.004176721558285
        0.056000000000000,        0.999917782934929,       -0.004326584335592
        0.057000000000000,        0.999913380552754,       -0.004479046447288
        0.058000000000000,        0.999908824409537,       -0.004634105689985
        0.059000000000000,        0.999904111909251,       -0.004791759855924
        0.060000000000000,        0.999899240458077,       -0.004952006732947
        0.061000000000000,        0.999894207464413,       -0.005114844104472
        0.062000000000000,        0.999889010338874,       -0.005280269749464
        0.063000000000000,        0.999883646494298,       -0.005448281442408
        0.064000000000000,        0.999878113345752,       -0.005618876953280
        0.065000000000000,        0.999872408310535,       -0.005792054047523
        0.066000000000000,        0.999866528808182,       -0.005967810486019
        0.067000000000000,        0.999860472260470,       -0.006146144025060
        0.068000000000000,        0.999854236091422,       -0.006327052416322
        0.069000000000000,        0.999847817727312,       -0.006510533406839
        0.070000000000000,        0.999841214596668,       -0.006696584738974
        0.071000000000000,        0.999834424130280,       -0.006885204150394
        0.072000000000000,        0.999827443761201,       -0.007076389374042
        0.073000000000000,        0.999820270924753,       -0.007270138138112
        0.074000000000000,        0.999812903058536,       -0.007466448166019
        0.075000000000000,        0.999805337602423,       -0.007665317176373
        0.076000000000000,        0.999797571998576,       -0.007866742882955
        0.077000000000000,        0.999789603691443,       -0.008070722994690
        0.078000000000000,        0.999781430127766,       -0.008277255215615
        0.079000000000000,        0.999773048756586,       -0.008486337244861
        0.080000000000000,        0.999764457029247,       -0.008697966776618
        0.081000000000000,        0.999755652399400,       -0.008912141500116
        0.082000000000000,        0.999746632323012,       -0.009128859099592
        0.083000000000000,        0.999737394258365,       -0.009348117254270
        0.084000000000000,        0.999727935666068,       -0.009569913638329
        0.085000000000000,        0.999718254009055,       -0.009794245920880
        0.086000000000000,        0.999708346752596,       -0.010021111765941
        0.087000000000000,        0.999698211364297,       -0.010250508832406
        0.088000000000000,        0.999687845314109,       -0.010482434774023
        0.089000000000000,        0.999677246074333,       -0.010716887239369
        0.090000000000000,        0.999666411119622,       -0.010953863871818
        0.091000000000000,        0.999655337926990,       -0.011193362309523
        0.092000000000000,        0.999644023975813,       -0.011435380185382
        0.093000000000000,        0.999632466747840,       -0.011679915127021
        0.094000000000000,        0.999620663727192,       -0.011926964756759
        0.095000000000000,        0.999608612400373,       -0.012176526691590
        0.096000000000000,        0.999596310256270,       -0.012428598543152
        0.097000000000000,        0.999583754786163,       -0.012683177917705
        0.098000000000000,        0.999570943483728,       -0.012940262416103
        0.099000000000000,        0.999557873845043,       -0.013199849633772
        0.100000000000000,        0.999544543368593,       -0.013461937160678
        0.101000000000000,        0.999530949555274,       -0.013726522581308
        0.102000000000000,        0.999517089908404,       -0.013993603474644
        0.103000000000000,        0.999502961933723,       -0.014263177414133
        0.104000000000000,        0.999488563139399,       -0.014535241967667
        0.105000000000000,        0.999473891036036,       -0.014809794697555
        0.106000000000000,        0.999458943136679,       -0.015086833160500
        0.107000000000000,        0.999443716956819,       -0.015366354907570
        0.108000000000000,        0.999428210014398,       -0.015648357484178
        0.109000000000000,        0.999412419829816,       -0.015932838430055
        0.110000000000000,        0.999396343925936,       -0.016219795279223
        0.111000000000000,        0.999379979828089,       -0.016509225559974
        0.112000000000000,        0.999363325064083,       -0.016801126794843
        0.113000000000000,        0.999346377164203,       -0.017095496500583
        0.114000000000000,        0.999329133661223,       -0.017392332188141
        0.115000000000000,        0.999311592090407,       -0.017691631362636
        0.116000000000000,        0.999293749989518,       -0.017993391523329
        0.117000000000000,        0.999275604898823,       -0.018297610163604
        0.118000000000000,        0.999257154361097,       -0.018604284770940
        0.119000000000000,        0.999238395921632,       -0.018913412826889
        0.120000000000000,        0.999219327128241,       -0.019224991807050
        0.121000000000000,        0.999199945531263,       -0.019539019181046
        0.122000000000000,        0.999180248683572,       -0.019855492412499
        0.123000000000000,        0.999160234140582,       -0.020174408959008
        0.124000000000000,        0.999139899460250,       -0.020495766272122
        0.125000000000000,        0.999119242203087,       -0.020819561797318
        0.126000000000000,        0.999098259932160,       -0.021145792973977
        0.127000000000000,        0.999076950213099,       -0.021474457235360
        0.128000000000000,        0.999055310614106,       -0.021805552008583
        0.129000000000000,        0.999033338705959,       -0.022139074714597
        0.130000000000000,        0.999011032062014,       -0.022475022768159
        0.131000000000000,        0.998988388258221,       -0.022813393577814
        0.132000000000000,        0.998965404873121,       -0.023154184545868
        0.133000000000000,        0.998942079487857,       -0.023497393068365
        0.134000000000000,        0.998918409686179,       -0.023843016535066
        0.135000000000000,        0.998894393054449,       -0.024191052329423
        0.136000000000000,        0.998870027181652,       -0.024541497828556
        0.137000000000000,        0.998845309659395,       -0.024894350403232
        0.138000000000000,        0.998820238081920,       -0.025249607417842
        0.139000000000000,        0.998794810046108,       -0.025607266230373
        0.140000000000000,        0.998769023151484,       -0.025967324192393
        0.141000000000000,        0.998742875000225,       -0.026329778649021
        0.142000000000000,        0.998716363197167,       -0.026694626938909
        0.143000000000000,        0.998689485349808,       -0.027061866394217
        0.144000000000000,        0.998662239068321,       -0.027431494340591
        0.145000000000000,        0.998634621965553,       -0.027803508097140
        0.146000000000000,        0.998606631657037,       -0.028177904976414
        0.147000000000000,        0.998578265760997,       -0.028554682284384
        0.148000000000000,        0.998549521898354,       -0.028933837320413
        0.149000000000000,        0.998520397692732,       -0.029315367377241
        0.150000000000000,        0.998490890770466,       -0.029699269740959
        0.151000000000000,        0.998460998760609,       -0.030085541690987
        0.152000000000000,        0.998430719294938,       -0.030474180500055
        0.153000000000000,        0.998400050007960,       -0.030865183434175
        0.154000000000000,        0.998368988536918,       -0.031258547752627
        0.155000000000000,        0.998337532521802,       -0.031654270707928
        0.156000000000000,        0.998305679605350,       -0.032052349545821
        0.157000000000000,        0.998273427433061,       -0.032452781505243
        0.158000000000000,        0.998240773653196,       -0.032855563818311
        0.159000000000000,        0.998207715916786,       -0.033260693710296
        0.160000000000000,        0.998174251877644,       -0.033668168399603
        0.161000000000000,        0.998140379192366,       -0.034077985097752
        0.162000000000000,        0.998106095520339,       -0.034490141009351
        0.163000000000000,        0.998071398523750,       -0.034904633332082
        0.164000000000000,        0.998036285867592,       -0.035321459256674
        0.165000000000000,        0.998000755219669,       -0.035740615966884
        0.166000000000000,        0.997964804250609,       -0.036162100639478
        0.167000000000000,        0.997928430633861,       -0.036585910444208
        0.168000000000000,        0.997891632045712,       -0.037012042543790
        0.169000000000000,        0.997854406165288,       -0.037440494093887
        0.170000000000000,        0.997816750674564,       -0.037871262243084
        0.171000000000000,        0.997778663258368,       -0.038304344132873
        0.172000000000000,        0.997740141604392,       -0.038739736897627
        0.173000000000000,        0.997701183403197,       -0.039177437664581
        0.174000000000000,        0.997661786348219,       -0.039617443553815
        0.175000000000000,        0.997621948135778,       -0.040059751678231
        0.176000000000000,        0.997581666465087,       -0.040504359143532
        0.177000000000000,        0.997540939038253,       -0.040951263048204
        0.178000000000000,        0.997499763560290,       -0.041400460483495
        0.179000000000000,        0.997458137739127,       -0.041851948533397
        0.180000000000000,        0.997416059285607,       -0.042305724274621
        0.181000000000000,        0.997373525913504,       -0.042761784776585
        0.182000000000000,        0.997330535339527,       -0.043220127101388
        0.183000000000000,        0.997287085283323,       -0.043680748303794
        0.184000000000000,        0.997243173467490,       -0.044143645431209
        0.185000000000000,        0.997198797617582,       -0.044608815523667
        0.186000000000000,        0.997153955462117,       -0.045076255613806
        0.187000000000000,        0.997108644732584,       -0.045545962726851
        0.188000000000000,        0.997062863163450,       -0.046017933880593
        0.189000000000000,        0.997016608492169,       -0.046492166085374
        0.190000000000000,        0.996969878459186,       -0.046968656344064
        0.191000000000000,        0.996922670807949,       -0.047447401652043
        0.192000000000000,        0.996874983284914,       -0.047928398997185
        0.193000000000000,        0.996826813639553,       -0.048411645359834
        0.194000000000000,        0.996778159624362,       -0.048897137712793
        0.195000000000000,        0.996729018994865,       -0.049384873021298
        0.196000000000000,        0.996679389509627,       -0.049874848243004
        0.197000000000000,        0.996629268930261,       -0.050367060327965
        0.198000000000000,        0.996578655021429,       -0.050861506218618
        0.199000000000000,        0.996527545550858,       -0.051358182849761
        0.200000000000000,        0.996475938289344,       -0.051857087148540
        0.201000000000000,        0.996423831010757,       -0.052358216034425
        0.202000000000000,        0.996371221492053,       -0.052861566419199
        0.203000000000000,        0.996318107513282,       -0.053367135206935
        0.204000000000000,        0.996264486857590,       -0.053874919293980
        0.205000000000000,        0.996210357311233,       -0.054384915568938
        0.206000000000000,        0.996155716663582,       -0.054897120912654
        0.207000000000000,        0.996100562707131,       -0.055411532198191
        0.208000000000000,        0.996044893237504,       -0.055928146290821
        0.209000000000000,        0.995988706053463,       -0.056446960048000
        0.210000000000000,        0.995931998956920,       -0.056967970319356
        0.211000000000000,        0.995874769752938,       -0.057491173946671
        0.212000000000000,        0.995817016249743,       -0.058016567763861
        0.213000000000000,        0.995758736258731,       -0.058544148596966
        0.214000000000000,        0.995699927594476,       -0.059073913264125
        0.215000000000000,        0.995640588074738,       -0.059605858575566
        0.216000000000000,        0.995580715520470,       -0.060139981333586
        0.217000000000000,        0.995520307755828,       -0.060676278332537
        0.218000000000000,        0.995459362608177,       -0.061214746358806
        0.219000000000000,        0.995397877908099,       -0.061755382190805
        0.220000000000000,        0.995335851489403,       -0.062298182598947
        0.221000000000000,        0.995273281189129,       -0.062843144345637
        0.222000000000000,        0.995210164847561,       -0.063390264185254
        0.223000000000000,        0.995146500308233,       -0.063939538864131
        0.224000000000000,        0.995082285417934,       -0.064490965120546
        0.225000000000000,        0.995017518026721,       -0.065044539684702
        0.226000000000000,        0.994952195987924,       -0.065600259278714
        0.227000000000000,        0.994886317158155,       -0.066158120616592
        0.228000000000000,        0.994819879397317,       -0.066718120404225
        0.229000000000000,        0.994752880568610,       -0.067280255339369
        0.230000000000000,        0.994685318538540,       -0.067844522111629
        0.231000000000000,        0.994617191176929,       -0.068410917402446
        0.232000000000000,        0.994548496356921,       -0.068979437885079
        0.233000000000000,        0.994479231954989,       -0.069550080224594
        0.234000000000000,        0.994409395850949,       -0.070122841077850
        0.235000000000000,        0.994338985927960,       -0.070697717093478
        0.236000000000000,        0.994268000072539,       -0.071274704911875
        0.237000000000000,        0.994196436174566,       -0.071853801165182
        0.238000000000000,        0.994124292127293,       -0.072435002477276
        0.239000000000000,        0.994051565827354,       -0.073018305463753
        0.240000000000000,        0.993978255174768,       -0.073603706731913
        0.241000000000000,        0.993904358072953,       -0.074191202880749
        0.242000000000000,        0.993829872428733,       -0.074780790500930
        0.243000000000000,        0.993754796152344,       -0.075372466174790
        0.244000000000000,        0.993679127157444,       -0.075966226476313
        0.245000000000000,        0.993602863361121,       -0.076562067971121
        0.246000000000000,        0.993526002683903,       -0.077159987216457
        0.247000000000000,        0.993448543049764,       -0.077759980761179
        0.248000000000000,        0.993370482386133,       -0.078362045145736
        0.249000000000000,        0.993291818623904,       -0.078966176902167
        0.250000000000000,        0.993212549697440,       -0.079572372554079
        0.251000000000000,        0.993132673544589,       -0.080180628616639
        0.252000000000000,        0.993052188106685,       -0.080790941596559
        0.253000000000000,        0.992971091328562,       -0.081403307992085
        0.254000000000000,        0.992889381158556,       -0.082017724292983
        0.255000000000000,        0.992807055548521,       -0.082634186980529
        0.256000000000000,        0.992724112453834,       -0.083252692527493
        0.257000000000000,        0.992640549833401,       -0.083873237398132
        0.258000000000000,        0.992556365649669,       -0.084495818048173
        0.259000000000000,        0.992471557868636,       -0.085120430924804
        0.260000000000000,        0.992386124459854,       -0.085747072466661
        0.261000000000000,        0.992300063396441,       -0.086375739103819
        0.262000000000000,        0.992213372655091,       -0.087006427257775
        0.263000000000000,        0.992126050216078,       -0.087639133341442
        0.264000000000000,        0.992038094063271,       -0.088273853759135
        0.265000000000000,        0.991949502184137,       -0.088910584906562
        0.266000000000000,        0.991860272569750,       -0.089549323170808
        0.267000000000000,        0.991770403214804,       -0.090190064930330
        0.268000000000000,        0.991679892117617,       -0.090832806554942
        0.269000000000000,        0.991588737280144,       -0.091477544405808
        0.270000000000000,        0.991496936707979,       -0.092124274835426
        0.271000000000000,        0.991404488410373,       -0.092772994187623
        0.272000000000000,        0.991311390400232,       -0.093423698797541
        0.273000000000000,        0.991217640694136,       -0.094076384991629
        0.274000000000000,        0.991123237312340,       -0.094731049087632
        0.275000000000000,        0.991028178278787,       -0.095387687394580
        0.276000000000000,        0.990932461621114,       -0.096046296212779
        0.277000000000000,        0.990836085370664,       -0.096706871833802
        0.278000000000000,        0.990739047562491,       -0.097369410540479
        0.279000000000000,        0.990641346235371,       -0.098033908606884
        0.280000000000000,        0.990542979431811,       -0.098700362298333
        0.281000000000000,        0.990443945198056,       -0.099368767871367
        0.282000000000000,        0.990344241584101,       -0.100039121573747
        0.283000000000000,        0.990243866643694,       -0.100711419644445
        0.284000000000000,        0.990142818434352,       -0.101385658313634
        0.285000000000000,        0.990041095017365,       -0.102061833802678
        0.286000000000000,        0.989938694457804,       -0.102739942324125
        0.287000000000000,        0.989835614824535,       -0.103419980081700
        0.288000000000000,        0.989731854190224,       -0.104101943270293
        0.289000000000000,        0.989627410631344,       -0.104785828075952
        0.290000000000000,        0.989522282228189,       -0.105471630675876
        0.291000000000000,        0.989416467064880,       -0.106159347238407
        0.292000000000000,        0.989309963229374,       -0.106848973923020
        0.293000000000000,        0.989202768813471,       -0.107540506880315
        0.294000000000000,        0.989094881912827,       -0.108233942252014
        0.295000000000000,        0.988986300626961,       -0.108929276170947
        0.296000000000000,        0.988877023059261,       -0.109626504761050
        0.297000000000000,        0.988767047316999,       -0.110325624137354
        0.298000000000000,        0.988656371511333,       -0.111026630405979
        0.299000000000000,        0.988544993757323,       -0.111729519664127
        0.300000000000000,        0.988432912173932,       -0.112434288000078
        0.301000000000000,        0.988320124884043,       -0.113140931493176
        0.302000000000000,        0.988206630014462,       -0.113849446213829
        0.303000000000000,        0.988092425695930,       -0.114559828223501
        0.304000000000000,        0.987977510063130,       -0.115272073574704
        0.305000000000000,        0.987861881254698,       -0.115986178310990
        0.306000000000000,        0.987745537413230,       -0.116702138466950
        0.307000000000000,        0.987628476685293,       -0.117419950068206
        0.308000000000000,        0.987510697221432,       -0.118139609131401
        0.309000000000000,        0.987392197176181,       -0.118861111664200
        0.310000000000000,        0.987272974708069,       -0.119584453665277
        0.311000000000000,        0.987153027979632,       -0.120309631124318
        0.312000000000000,        0.987032355157420,       -0.121036640022006
        0.313000000000000,        0.986910954412009,       -0.121765476330026
        0.314000000000000,        0.986788823918005,       -0.122496136011049
        0.315000000000000,        0.986665961854057,       -0.123228615018738
        0.316000000000000,        0.986542366402865,       -0.123962909297733
        0.317000000000000,        0.986418035751189,       -0.124699014783654
        0.318000000000000,        0.986292968089858,       -0.125436927403092
        0.319000000000000,        0.986167161613779,       -0.126176643073607
        0.320000000000000,        0.986040614521944,       -0.126918157703721
        0.321000000000000,        0.985913325017444,       -0.127661467192916
        0.322000000000000,        0.985785291307472,       -0.128406567431631
        0.323000000000000,        0.985656511603339,       -0.129153454301254
        0.324000000000000,        0.985526984120475,       -0.129902123674121
        0.325000000000000,        0.985396707078444,       -0.130652571413512
        0.326000000000000,        0.985265678700952,       -0.131404793373648
        0.327000000000000,        0.985133897215855,       -0.132158785399686
        0.328000000000000,        0.985001360855167,       -0.132914543327717
        0.329000000000000,        0.984868067855072,       -0.133672062984763
        0.330000000000000,        0.984734016455930,       -0.134431340188772
        0.331000000000000,        0.984599204902289,       -0.135192370748619
        0.332000000000000,        0.984463631442893,       -0.135955150464097
        0.333000000000000,        0.984327294330689,       -0.136719675125923
        0.334000000000000,        0.984190191822839,       -0.137485940515727
        0.335000000000000,        0.984052322180727,       -0.138253942406055
        0.336000000000000,        0.983913683669971,       -0.139023676560365
        0.337000000000000,        0.983774274560427,       -0.139795138733027
        0.338000000000000,        0.983634093126205,       -0.140568324669315
        0.339000000000000,        0.983493137645670,       -0.141343230105414
        0.340000000000000,        0.983351406401459,       -0.142119850768411
        0.341000000000000,        0.983208897680484,       -0.142898182376297
        0.342000000000000,        0.983065609773946,       -0.143678220637967
        0.343000000000000,        0.982921540977339,       -0.144459961253213
        0.344000000000000,        0.982776689590463,       -0.145243399912729
        0.345000000000000,        0.982631053917432,       -0.146028532298107
        0.346000000000000,        0.982484632266684,       -0.146815354081838
        0.347000000000000,        0.982337422950986,       -0.147603860927308
        0.348000000000000,        0.982189424287448,       -0.148394048488802
        0.349000000000000,        0.982040634597532,       -0.149185912411498
        0.350000000000000,        0.981891052207056,       -0.149979448331473
        0.351000000000000,        0.981740675446210,       -0.150774651875697
        0.352000000000000,        0.981589502649557,       -0.151571518662039
        0.353000000000000,        0.981437532156052,       -0.152370044299261
        0.354000000000000,        0.981284762309042,       -0.153170224387023
        0.355000000000000,        0.981131191456280,       -0.153972054515880
        0.356000000000000,        0.980976817949934,       -0.154775530267285
        0.357000000000000,        0.980821640146592,       -0.155580647213590
        0.358000000000000,        0.980665656407279,       -0.156387400918043
        0.359000000000000,        0.980508865097457,       -0.157195786934794
        0.360000000000000,        0.980351264587041,       -0.158005800808893
        0.361000000000000,        0.980192853250404,       -0.158817438076291
        0.362000000000000,        0.980033629466388,       -0.159630694263844
        0.363000000000000,        0.979873591618313,       -0.160445564889313
        0.364000000000000,        0.979712738093986,       -0.161262045461365
        0.365000000000000,        0.979551067285709,       -0.162080131479574
        0.366000000000000,        0.979388577590291,       -0.162899818434427
        0.367000000000000,        0.979225267409051,       -0.163721101807322
        0.368000000000000,        0.979061135147836,       -0.164543977070573
        0.369000000000000,        0.978896179217022,       -0.165368439687410
        0.370000000000000,        0.978730398031526,       -0.166194485111983
        0.371000000000000,        0.978563790010819,       -0.167022108789364
        0.372000000000000,        0.978396353578928,       -0.167851306155551
        0.373000000000000,        0.978228087164449,       -0.168682072637470
        0.374000000000000,        0.978058989200557,       -0.169514403652977
        0.375000000000000,        0.977889058125013,       -0.170348294610864
        0.376000000000000,        0.977718292380173,       -0.171183740910860
        0.377000000000000,        0.977546690413000,       -0.172020737943635
        0.378000000000000,        0.977374250675067,       -0.172859281090805
        0.379000000000000,        0.977200971622574,       -0.173699365724935
        0.380000000000000,        0.977026851716350,       -0.174540987209540
        0.381000000000000,        0.976851889421867,       -0.175384140899096
        0.382000000000000,        0.976676083209246,       -0.176228822139036
        0.383000000000000,        0.976499431553268,       -0.177075026265761
        0.384000000000000,        0.976321932933380,       -0.177922748606642
        0.385000000000000,        0.976143585833708,       -0.178771984480022
        0.386000000000000,        0.975964388743065,       -0.179622729195228
        0.387000000000000,        0.975784340154957,       -0.180474978052566
        0.388000000000000,        0.975603438567594,       -0.181328726343336
        0.389000000000000,        0.975421682483902,       -0.182183969349830
        0.390000000000000,        0.975239070411528,       -0.183040702345340
        0.391000000000000,        0.975055600862847,       -0.183898920594166
        0.392000000000000,        0.974871272354980,       -0.184758619351616
        0.393000000000000,        0.974686083409792,       -0.185619793864018
        0.394000000000000,        0.974500032553910,       -0.186482439368721
        0.395000000000000,        0.974313118318725,       -0.187346551094103
        0.396000000000000,        0.974125339240406,       -0.188212124259580
        0.397000000000000,        0.973936693859907,       -0.189079154075606
        0.398000000000000,        0.973747180722974,       -0.189947635743685
        0.399000000000000,        0.973556798380160,       -0.190817564456377
        0.400000000000000,        0.973365545386826,       -0.191688935397301
        0.401000000000000,        0.973173420303156,       -0.192561743741148
        0.402000000000000,        0.972980421694162,       -0.193435984653682
        0.403000000000000,        0.972786548129697,       -0.194311653291750
        0.404000000000000,        0.972591798184460,       -0.195188744803292
        0.405000000000000,        0.972396170438007,       -0.196067254327343
        0.406000000000000,        0.972199663474759,       -0.196947176994045
        0.407000000000000,        0.972002275884012,       -0.197828507924654
        0.408000000000000,        0.971804006259945,       -0.198711242231547
        0.409000000000000,        0.971604853201628,       -0.199595375018228
        0.410000000000000,        0.971404815313034,       -0.200480901379342
        0.411000000000000,        0.971203891203044,       -0.201367816400680
        0.412000000000000,        0.971002079485458,       -0.202256115159185
        0.413000000000000,        0.970799378779004,       -0.203145792722965
        0.414000000000000,        0.970595787707346,       -0.204036844151301
        0.415000000000000,        0.970391304899093,       -0.204929264494655
        0.416000000000000,        0.970185928987808,       -0.205823048794676
        0.417000000000000,        0.969979658612018,       -0.206718192084218
        0.418000000000000,        0.969772492415218,       -0.207614689387338
        0.419000000000000,        0.969564429045888,       -0.208512535719317
        0.420000000000000,        0.969355467157494,       -0.209411726086661
        0.421000000000000,        0.969145605408501,       -0.210312255487114
        0.422000000000000,        0.968934842462379,       -0.211214118909669
        0.423000000000000,        0.968723176987616,       -0.212117311334577
        0.424000000000000,        0.968510607657723,       -0.213021827733356
        0.425000000000000,        0.968297133151243,       -0.213927663068806
        0.426000000000000,        0.968082752151761,       -0.214834812295012
        0.427000000000000,        0.967867463347913,       -0.215743270357363
        0.428000000000000,        0.967651265433394,       -0.216653032192556
        0.429000000000000,        0.967434157106964,       -0.217564092728611
        0.430000000000000,        0.967216137072464,       -0.218476446884882
        0.431000000000000,        0.966997204038816,       -0.219390089572066
        0.432000000000000,        0.966777356720038,       -0.220305015692216
        0.433000000000000,        0.966556593835247,       -0.221221220138751
        0.434000000000000,        0.966334914108676,       -0.222138697796472
        0.435000000000000,        0.966112316269673,       -0.223057443541569
        0.436000000000000,        0.965888799052716,       -0.223977452241633
        0.437000000000000,        0.965664361197419,       -0.224898718755673
        0.438000000000000,        0.965439001448543,       -0.225821237934124
        0.439000000000000,        0.965212718556001,       -0.226745004618860
        0.440000000000000,        0.964985511274869,       -0.227670013643208
        0.441000000000000,        0.964757378365394,       -0.228596259831960
        0.442000000000000,        0.964528318593003,       -0.229523738001385
        0.443000000000000,        0.964298330728309,       -0.230452442959243
        0.444000000000000,        0.964067413547124,       -0.231382369504797
        0.445000000000000,        0.963835565830463,       -0.232313512428830
        0.446000000000000,        0.963602786364557,       -0.233245866513653
        0.447000000000000,        0.963369073940855,       -0.234179426533120
        0.448000000000000,        0.963134427356040,       -0.235114187252647
        0.449000000000000,        0.962898845412033,       -0.236050143429218
        0.450000000000000,        0.962662326916000,       -0.236987289811404
        0.451000000000000,        0.962424870680366,       -0.237925621139376
        0.452000000000000,        0.962186475522817,       -0.238865132144918
        0.453000000000000,        0.961947140266313,       -0.239805817551444
        0.454000000000000,        0.961706863739094,       -0.240747672074009
        0.455000000000000,        0.961465644774691,       -0.241690690419327
        0.456000000000000,        0.961223482211930,       -0.242634867285785
        0.457000000000000,        0.960980374894944,       -0.243580197363457
        0.458000000000000,        0.960736321673180,       -0.244526675334119
        0.459000000000000,        0.960491321401407,       -0.245474295871265
        0.460000000000000,        0.960245372939725,       -0.246423053640124
        0.461000000000000,        0.959998475153573,       -0.247372943297671
        0.462000000000000,        0.959750626913737,       -0.248323959492647
        0.463000000000000,        0.959501827096358,       -0.249276096865574
        0.464000000000000,        0.959252074582940,       -0.250229350048769
        0.465000000000000,        0.959001368260362,       -0.251183713666363
        0.466000000000000,        0.958749707020878,       -0.252139182334313
        0.467000000000000,        0.958497089762135,       -0.253095750660422
        0.468000000000000,        0.958243515387173,       -0.254053413244357
        0.469000000000000,        0.957988982804437,       -0.255012164677660
        0.470000000000000,        0.957733490927785,       -0.255971999543768
        0.471000000000000,        0.957477038676497,       -0.256932912418033
        0.472000000000000,        0.957219624975278,       -0.257894897867732
        0.473000000000000,        0.956961248754274,       -0.258857950452091
        0.474000000000000,        0.956701908949072,       -0.259822064722297
        0.475000000000000,        0.956441604500715,       -0.260787235221522
        0.476000000000000,        0.956180334355704,       -0.261753456484931
        0.477000000000000,        0.955918097466012,       -0.262720723039711
        0.478000000000000,        0.955654892789086,       -0.263689029405079
        0.479000000000000,        0.955390719287859,       -0.264658370092306
        0.480000000000000,        0.955125575930756,       -0.265628739604734
        0.481000000000000,        0.954859461691703,       -0.266600132437792
        0.482000000000000,        0.954592375550136,       -0.267572543079019
        0.483000000000000,        0.954324316491005,       -0.268545966008077
        0.484000000000000,        0.954055283504785,       -0.269520395696773
        0.485000000000000,        0.953785275587485,       -0.270495826609079
        0.486000000000000,        0.953514291740650,       -0.271472253201148
        0.487000000000000,        0.953242330971377,       -0.272449669921334
        0.488000000000000,        0.952969392292316,       -0.273428071210213
        0.489000000000000,        0.952695474721681,       -0.274407451500601
        0.490000000000000,        0.952420577283257,       -0.275387805217571
        0.491000000000000,        0.952144699006407,       -0.276369126778480
        0.492000000000000,        0.951867838926083,       -0.277351410592979
        0.493000000000000,        0.951589996082828,       -0.278334651063042
        0.494000000000000,        0.951311169522789,       -0.279318842582980
        0.495000000000000,        0.951031358297722,       -0.280303979539463
        0.496000000000000,        0.950750561464999,       -0.281290056311543
        0.497000000000000,        0.950468778087619,       -0.282277067270668
        0.498000000000000,        0.950186007234211,       -0.283265006780710
        0.499000000000000,        0.949902247979046,       -0.284253869197982
        0.500000000000000,        0.949617499402040,       -0.285243648871257
        0.501000000000000,        0.949331760588767,       -0.286234340141793
        0.502000000000000,        0.949045030630462,       -0.287225937343351
        0.503000000000000,        0.948757308624028,       -0.288218434802220
        0.504000000000000,        0.948468593672050,       -0.289211826837234
        0.505000000000000,        0.948178884882793,       -0.290206107759794
        0.506000000000000,        0.947888181370217,       -0.291201271873895
        0.507000000000000,        0.947596482253982,       -0.292197313476139
        0.508000000000000,        0.947303786659454,       -0.293194226855766
        0.509000000000000,        0.947010093717714,       -0.294192006294670
        0.510000000000000,        0.946715402565563,       -0.295190646067422
        0.511000000000000,        0.946419712345535,       -0.296190140441294
        0.512000000000000,        0.946123022205897,       -0.297190483676280
        0.513000000000000,        0.945825331300660,       -0.298191670025122
        0.514000000000000,        0.945526638789586,       -0.299193693733325
        0.515000000000000,        0.945226943838198,       -0.300196549039188
        0.516000000000000,        0.944926245617780,       -0.301200230173822
        0.517000000000000,        0.944624543305390,       -0.302204731361176
        0.518000000000000,        0.944321836083867,       -0.303210046818057
        0.519000000000000,        0.944018123141836,       -0.304216170754155
        0.520000000000000,        0.943713403673715,       -0.305223097372068
        0.521000000000000,        0.943407676879724,       -0.306230820867324
        0.522000000000000,        0.943100941965890,       -0.307239335428401
        0.523000000000000,        0.942793198144055,       -0.308248635236759
        0.524000000000000,        0.942484444631885,       -0.309258714466857
        0.525000000000000,        0.942174680652873,       -0.310269567286179
        0.526000000000000,        0.941863905436349,       -0.311281187855260
        0.527000000000000,        0.941552118217485,       -0.312293570327709
        0.528000000000000,        0.941239318237304,       -0.313306708850230
        0.529000000000000,        0.940925504742684,       -0.314320597562654
        0.530000000000000,        0.940610676986369,       -0.315335230597957
        0.531000000000000,        0.940294834226972,       -0.316350602082288
        0.532000000000000,        0.939977975728983,       -0.317366706134992
        0.533000000000000,        0.939660100762777,       -0.318383536868637
        0.534000000000000,        0.939341208604619,       -0.319401088389039
        0.535000000000000,        0.939021298536672,       -0.320419354795285
        0.536000000000000,        0.938700369847002,       -0.321438330179760
        0.537000000000000,        0.938378421829589,       -0.322458008628173
        0.538000000000000,        0.938055453784328,       -0.323478384219582
        0.539000000000000,        0.937731465017038,       -0.324499451026419
        0.540000000000000,        0.937406454839471,       -0.325521203114518
        0.541000000000000,        0.937080422569315,       -0.326543634543137
        0.542000000000000,        0.936753367530202,       -0.327566739364989
        0.543000000000000,        0.936425289051714,       -0.328590511626264
        0.544000000000000,        0.936096186469393,       -0.329614945366658
        0.545000000000000,        0.935766059124741,       -0.330640034619400
        0.546000000000000,        0.935434906365232,       -0.331665773411273
        0.547000000000000,        0.935102727544316,       -0.332692155762648
        0.548000000000000,        0.934769522021425,       -0.333719175687507
        0.549000000000000,        0.934435289161982,       -0.334746827193469
        0.550000000000000,        0.934100028337403,       -0.335775104281820
        0.551000000000000,        0.933763738925108,       -0.336804000947538
        0.552000000000000,        0.933426420308525,       -0.337833511179320
        0.553000000000000,        0.933088071877095,       -0.338863628959610
        0.554000000000000,        0.932748693026282,       -0.339894348264627
        0.555000000000000,        0.932408283157574,       -0.340925663064393
        0.556000000000000,        0.932066841678494,       -0.341957567322757
        0.557000000000000,        0.931724368002603,       -0.342990054997428
        0.558000000000000,        0.931380861549510,       -0.344023120040000
        0.559000000000000,        0.931036321744873,       -0.345056756395978
        0.560000000000000,        0.930690748020407,       -0.346090958004811
        0.561000000000000,        0.930344139813893,       -0.347125718799917
        0.562000000000000,        0.929996496569179,       -0.348161032708713
        0.563000000000000,        0.929647817736190,       -0.349196893652639
        0.564000000000000,        0.929298102770933,       -0.350233295547193
        0.565000000000000,        0.928947351135502,       -0.351270232301956
        0.566000000000000,        0.928595562298084,       -0.352307697820621
        0.567000000000000,        0.928242735732965,       -0.353345686001021
        0.568000000000000,        0.927888870920537,       -0.354384190735163
        0.569000000000000,        0.927533967347302,       -0.355423205909248
        0.570000000000000,        0.927178024505879,       -0.356462725403709
        0.571000000000000,        0.926821041895010,       -0.357502743093235
        0.572000000000000,        0.926463019019564,       -0.358543252846803
        0.573000000000000,        0.926103955390546,       -0.359584248527705
        0.574000000000000,        0.925743850525098,       -0.360625723993581
        0.575000000000000,        0.925382703946508,       -0.361667673096444
        0.576000000000000,        0.925020515184216,       -0.362710089682716
        0.577000000000000,        0.924657283773817,       -0.363752967593251
        0.578000000000000,        0.924293009257069,       -0.364796300663370
        0.579000000000000,        0.923927691181895,       -0.365840082722890
        0.580000000000000,        0.923561329102395,       -0.366884307596151
        0.581000000000000,        0.923193922578844,       -0.367928969102052
        0.582000000000000,        0.922825471177701,       -0.368974061054076
        0.583000000000000,        0.922455974471617,       -0.370019577260323
        0.584000000000000,        0.922085432039435,       -0.371065511523540
        0.585000000000000,        0.921713843466198,       -0.372111857641154
        0.586000000000000,        0.921341208343155,       -0.373158609405298
        0.587000000000000,        0.920967526267766,       -0.374205760602846
        0.588000000000000,        0.920592796843705,       -0.375253305015441
        0.589000000000000,        0.920217019680870,       -0.376301236419529
        0.590000000000000,        0.919840194395381,       -0.377349548586388
        0.591000000000000,        0.919462320609593,       -0.378398235282158
        0.592000000000000,        0.919083397952095,       -0.379447290267878
        0.593000000000000,        0.918703426057719,       -0.380496707299509
        0.594000000000000,        0.918322404567543,       -0.381546480127974
        0.595000000000000,        0.917940333128895,       -0.382596602499183
        0.596000000000000,        0.917557211395364,       -0.383647068154067
        0.597000000000000,        0.917173039026795,       -0.384697870828612
        0.598000000000000,        0.916787815689304,       -0.385749004253888
        0.599000000000000,        0.916401541055275,       -0.386800462156081
        0.600000000000000,        0.916014214803372,       -0.387852238256526
        0.601000000000000,        0.915625836618535,       -0.388904326271740
        0.602000000000000,        0.915236406191995,       -0.389956719913452
        0.603000000000000,        0.914845923221270,       -0.391009412888636
        0.604000000000000,        0.914454387410176,       -0.392062398899546
        0.605000000000000,        0.914061798468826,       -0.393115671643745
        0.606000000000000,        0.913668156113642,       -0.394169224814136
        0.607000000000000,        0.913273460067351,       -0.395223052099002
        0.608000000000000,        0.912877710058998,       -0.396277147182031
        0.609000000000000,        0.912480905823943,       -0.397331503742353
        0.610000000000000,        0.912083047103871,       -0.398386115454572
        0.611000000000000,        0.911684133646795,       -0.399440975988798
        0.612000000000000,        0.911284165207060,       -0.400496079010680
        0.613000000000000,        0.910883141545346,       -0.401551418181441
        0.614000000000000,        0.910481062428676,       -0.402606987157910
        0.615000000000000,        0.910077927630417,       -0.403662779592555
        0.616000000000000,        0.909673736930287,       -0.404718789133515
        0.617000000000000,        0.909268490114356,       -0.405775009424638
        0.618000000000000,        0.908862186975054,       -0.406831434105510
        0.619000000000000,        0.908454827311173,       -0.407888056811489
        0.620000000000000,        0.908046410927871,       -0.408944871173742
        0.621000000000000,        0.907636937636679,       -0.410001870819273
        0.622000000000000,        0.907226407255501,       -0.411059049370965
        0.623000000000000,        0.906814819608621,       -0.412116400447605
        0.624000000000000,        0.906402174526707,       -0.413173917663923
        0.625000000000000,        0.905988471846811,       -0.414231594630627
        0.626000000000000,        0.905573711412381,       -0.415289424954433
        0.627000000000000,        0.905157893073257,       -0.416347402238101
        0.628000000000000,        0.904741016685680,       -0.417405520080472
        0.629000000000000,        0.904323082112292,       -0.418463772076498
        0.630000000000000,        0.903904089222144,       -0.419522151817278
        0.631000000000000,        0.903484037890697,       -0.420580652890092
        0.632000000000000,        0.903062927999827,       -0.421639268878440
        0.633000000000000,        0.902640759437828,       -0.422697993362067
        0.634000000000000,        0.902217532099416,       -0.423756819917008
        0.635000000000000,        0.901793245885732,       -0.424815742115614
        0.636000000000000,        0.901367900704349,       -0.425874753526595
        0.637000000000000,        0.900941496469271,       -0.426933847715047
        0.638000000000000,        0.900514033100940,       -0.427993018242493
        0.639000000000000,        0.900085510526236,       -0.429052258666914
        0.640000000000000,        0.899655928678485,       -0.430111562542785
        0.641000000000000,        0.899225287497460,       -0.431170923421112
        0.642000000000000,        0.898793586929383,       -0.432230334849464
        0.643000000000000,        0.898360826926934,       -0.433289790372012
        0.644000000000000,        0.897927007449245,       -0.434349283529561
        0.645000000000000,        0.897492128461913,       -0.435408807859585
        0.646000000000000,        0.897056189936998,       -0.436468356896267
        0.647000000000000,        0.896619191853028,       -0.437527924170527
        0.648000000000000,        0.896181134195000,       -0.438587503210067
        0.649000000000000,        0.895742016954387,       -0.439647087539396
        0.650000000000000,        0.895301840129137,       -0.440706670679875
        0.651000000000000,        0.894860603723680,       -0.441766246149746
        0.652000000000000,        0.894418307748929,       -0.442825807464172
        0.653000000000000,        0.893974952222282,       -0.443885348135269
        0.654000000000000,        0.893530537167627,       -0.444944861672146
        0.655000000000000,        0.893085062615346,       -0.446004341580938
        0.656000000000000,        0.892638528602315,       -0.447063781364841
        0.657000000000000,        0.892190935171907,       -0.448123174524152
        0.658000000000000,        0.891742282373999,       -0.449182514556301
        0.659000000000000,        0.891292570264969,       -0.450241794955891
        0.660000000000000,        0.890841798907704,       -0.451301009214728
        0.661000000000000,        0.890389968371600,       -0.452360150821864
        0.662000000000000,        0.889937078732565,       -0.453419213263631
        0.663000000000000,        0.889483130073022,       -0.454478190023673
        0.664000000000000,        0.889028122481911,       -0.455537074582988
        0.665000000000000,        0.888572056054695,       -0.456595860419963
        0.666000000000000,        0.888114930893357,       -0.457654541010407
        0.667000000000000,        0.887656747106406,       -0.458713109827593
        0.668000000000000,        0.887197504808880,       -0.459771560342289
        0.669000000000000,        0.886737204122347,       -0.460829886022798
        0.670000000000000,        0.886275845174907,       -0.461888080334994
        0.671000000000000,        0.885813428101198,       -0.462946136742357
        0.672000000000000,        0.885349953042393,       -0.464004048706013
        0.673000000000000,        0.884885420146206,       -0.465061809684766
        0.674000000000000,        0.884419829566892,       -0.466119413135139
        0.675000000000000,        0.883953181465254,       -0.467176852511410
        0.676000000000000,        0.883485476008638,       -0.468234121265644
        0.677000000000000,        0.883016713370942,       -0.469291212847738
        0.678000000000000,        0.882546893732614,       -0.470348120705451
        0.679000000000000,        0.882076017280653,       -0.471404838284445
        0.680000000000000,        0.881604084208618,       -0.472461359028320
        0.681000000000000,        0.881131094716623,       -0.473517676378650
        0.682000000000000,        0.880657049011339,       -0.474573783775024
        0.683000000000000,        0.880181947306004,       -0.475629674655080
        0.684000000000000,        0.879705789820413,       -0.476685342454540
        0.685000000000000,        0.879228576780932,       -0.477740780607254
        0.686000000000000,        0.878750308420490,       -0.478795982545229
        0.687000000000000,        0.878270984978586,       -0.479850941698672
        0.688000000000000,        0.877790606701291,       -0.480905651496026
        0.689000000000000,        0.877309173841247,       -0.481960105364005
        0.690000000000000,        0.876826686657671,       -0.483014296727634
        0.691000000000000,        0.876343145416355,       -0.484068219010283
        0.692000000000000,        0.875858550389668,       -0.485121865633708
        0.693000000000000,        0.875372901856561,       -0.486175230018088
        0.694000000000000,        0.874886200102561,       -0.487228305582059
        0.695000000000000,        0.874398445419781,       -0.488281085742753
        0.696000000000000,        0.873909638106916,       -0.489333563915838
        0.697000000000000,        0.873419778469246,       -0.490385733515553
        0.698000000000000,        0.872928866818637,       -0.491437587954744
        0.699000000000000,        0.872436903473545,       -0.492489120644906
        0.700000000000000,        0.871943888759013,       -0.493540324996215
        0.701000000000000,        0.871449823006675,       -0.494591194417569
        0.702000000000000,        0.870954706554757,       -0.495641722316627
        0.703000000000000,        0.870458539748077,       -0.496691902099842
        0.704000000000000,        0.869961322938050,       -0.497741727172503
        0.705000000000000,        0.869463056482682,       -0.498791190938767
        0.706000000000000,        0.868963740746579,       -0.499840286801705
        0.707000000000000,        0.868463376100942,       -0.500889008163331
        0.708000000000000,        0.867961962923573,       -0.501937348424645
        0.709000000000000,        0.867459501598872,       -0.502985300985670
        0.710000000000000,        0.866955992517838,       -0.504032859245486
        0.711000000000000,        0.866451436078074,       -0.505080016602274
        0.712000000000000,        0.865945832683783,       -0.506126766453347
        0.713000000000000,        0.865439182745774,       -0.507173102195192
        0.714000000000000,        0.864931486681458,       -0.508219017223509
        0.715000000000000,        0.864422744914849,       -0.509264504933241
        0.716000000000000,        0.863912957876571,       -0.510309558718622
        0.717000000000000,        0.863402126003849,       -0.511354171973208
        0.718000000000000,        0.862890249740518,       -0.512398338089915
        0.719000000000000,        0.862377329537020,       -0.513442050461060
        0.720000000000000,        0.861863365850403,       -0.514485302478397
        0.721000000000000,        0.861348359144327,       -0.515528087533155
        0.722000000000000,        0.860832309889059,       -0.516570399016073
        0.723000000000000,        0.860315218561473,       -0.517612230317445
        0.724000000000000,        0.859797085645058,       -0.518653574827148
        0.725000000000000,        0.859277911629910,       -0.519694425934689
        0.726000000000000,        0.858757697012737,       -0.520734777029235
        0.727000000000000,        0.858236442296855,       -0.521774621499659
        0.728000000000000,        0.857714147992197,       -0.522813952734569
        0.729000000000000,        0.857190814615302,       -0.523852764122353
        0.730000000000000,        0.856666442689323,       -0.524891049051211
        0.731000000000000,        0.856141032744026,       -0.525928800909199
        0.732000000000000,        0.855614585315787,       -0.526966013084260
        0.733000000000000,        0.855087100947594,       -0.528002678964267
        0.734000000000000,        0.854558580189050,       -0.529038791937060
        0.735000000000000,        0.854029023596366,       -0.530074345390480
        0.736000000000000,        0.853498431732370,       -0.531109332712411
        0.737000000000000,        0.852966805166496,       -0.532143747290816
        0.738000000000000,        0.852434144474796,       -0.533177582513775
        0.739000000000000,        0.851900450239931,       -0.534210831769524
        0.740000000000000,        0.851365723051173,       -0.535243488446488
        0.741000000000000,        0.850829963504406,       -0.536275545933325
        0.742000000000000,        0.850293172202127,       -0.537306997618962
        0.743000000000000,        0.849755349753441,       -0.538337836892627
        0.744000000000000,        0.849216496774066,       -0.539368057143895
        0.745000000000000,        0.848676613886330,       -0.540397651762721
        0.746000000000000,        0.848135701719169,       -0.541426614139479
        0.747000000000000,        0.847593760908130,       -0.542454937664999
        0.748000000000000,        0.847050792095368,       -0.543482615730604
        0.749000000000000,        0.846506795929648,       -0.544509641728150
        0.750000000000000,        0.845961773066341,       -0.545536009050061
        0.751000000000000,        0.845415724167427,       -0.546561711089368
        0.752000000000000,        0.844868649901490,       -0.547586741239748
        0.753000000000000,        0.844320550943723,       -0.548611092895556
        0.754000000000000,        0.843771427975923,       -0.549634759451872
        0.755000000000000,        0.843221281686491,       -0.550657734304527
        0.756000000000000,        0.842670112770433,       -0.551680010850152
        0.757000000000000,        0.842117921929356,       -0.552701582486205
        0.758000000000000,        0.841564709871472,       -0.553722442611017
        0.759000000000000,        0.841010477311592,       -0.554742584623824
        0.760000000000000,        0.840455224971127,       -0.555762001924807
        0.761000000000000,        0.839898953578089,       -0.556780687915129
        0.762000000000000,        0.839341663867088,       -0.557798635996971
        0.763000000000000,        0.838783356579330,       -0.558815839573571
        0.764000000000000,        0.838224032462619,       -0.559832292049261
        0.765000000000000,        0.837663692271352,       -0.560847986829504
        0.766000000000000,        0.837102336766523,       -0.561862917320931
        0.767000000000000,        0.836539966715715,       -0.562877076931378
        0.768000000000000,        0.835976582893105,       -0.563890459069924
        0.769000000000000,        0.835412186079460,       -0.564903057146929
        0.770000000000000,        0.834846777062136,       -0.565914864574070
        0.771000000000000,        0.834280356635075,       -0.566925874764376
        0.772000000000000,        0.833712925598809,       -0.567936081132269
        0.773000000000000,        0.833144484760450,       -0.568945477093600
        0.774000000000000,        0.832575034933698,       -0.569954056065685
        0.775000000000000,        0.832004576938832,       -0.570961811467340
        0.776000000000000,        0.831433111602713,       -0.571968736718925
        0.777000000000000,        0.830860639758779,       -0.572974825242373
        0.778000000000000,        0.830287162247046,       -0.573980070461231
        0.779000000000000,        0.829712679914108,       -0.574984465800695
        0.780000000000000,        0.829137193613130,       -0.575988004687651
        0.781000000000000,        0.828560704203850,       -0.576990680550705
        0.782000000000000,        0.827983212552577,       -0.577992486820226
        0.783000000000000,        0.827404719532189,       -0.578993416928379
        0.784000000000000,        0.826825226022130,       -0.579993464309163
        0.785000000000000,        0.826244732908410,       -0.580992622398448
        0.786000000000000,        0.825663241083601,       -0.581990884634011
        0.787000000000000,        0.825080751446837,       -0.582988244455573
        0.788000000000000,        0.824497264903811,       -0.583984695304832
        0.789000000000000,        0.823912782366775,       -0.584980230625508
        0.790000000000000,        0.823327304754534,       -0.585974843863370
        0.791000000000000,        0.822740832992446,       -0.586968528466277
        0.792000000000000,        0.822153368012423,       -0.587961277884216
        0.793000000000000,        0.821564910752922,       -0.588953085569333
        0.794000000000000,        0.820975462158950,       -0.589943944975975
        0.795000000000000,        0.820385023182057,       -0.590933849560721
        0.796000000000000,        0.819793594780336,       -0.591922792782424
        0.797000000000000,        0.819201177918419,       -0.592910768102240
        0.798000000000000,        0.818607773567477,       -0.593897768983671
        0.799000000000000,        0.818013382705215,       -0.594883788892595
        0.800000000000000,        0.817418006315871,       -0.595868821297309
        0.801000000000000,        0.816821645390215,       -0.596852859668556
        0.802000000000000,        0.816224300925544,       -0.597835897479569
        0.803000000000000,        0.815625973925679,       -0.598817928206103
        0.804000000000000,        0.815026665400968,       -0.599798945326468
        0.805000000000000,        0.814426376368274,       -0.600778942321573
        0.806000000000000,        0.813825107850983,       -0.601757912674954
        0.807000000000000,        0.813222860878994,       -0.602735849872810
        0.808000000000000,        0.812619636488716,       -0.603712747404045
        0.809000000000000,        0.812015435723071,       -0.604688598760297
        0.810000000000000,        0.811410259631488,       -0.605663397435975
        0.811000000000000,        0.810804109269898,       -0.606637136928296
        0.812000000000000,        0.810196985700735,       -0.607609810737320
        0.813000000000000,        0.809588889992930,       -0.608581412365984
        0.814000000000000,        0.808979823221913,       -0.609551935320137
        0.815000000000000,        0.808369786469602,       -0.610521373108576
        0.816000000000000,        0.807758780824408,       -0.611489719243084
        0.817000000000000,        0.807146807381227,       -0.612456967238459
        0.818000000000000,        0.806533867241441,       -0.613423110612552
        0.819000000000000,        0.805919961512910,       -0.614388142886305
        0.820000000000000,        0.805305091309972,       -0.615352057583779
        0.821000000000000,        0.804689257753441,       -0.616314848232197
        0.822000000000000,        0.804072461970601,       -0.617276508361969
        0.823000000000000,        0.803454705095203,       -0.618237031506738
        0.824000000000000,        0.802835988267464,       -0.619196411203403
        0.825000000000000,        0.802216312634064,       -0.620154640992164
        0.826000000000000,        0.801595679348137,       -0.621111714416548
        0.827000000000000,        0.800974089569276,       -0.622067625023448
        0.828000000000000,        0.800351544463522,       -0.623022366363158
        0.829000000000000,        0.799728045203367,       -0.623975931989404
        0.830000000000000,        0.799103592967746,       -0.624928315459380
        0.831000000000000,        0.798478188942035,       -0.625879510333783
        0.832000000000000,        0.797851834318047,       -0.626829510176844
        0.833000000000000,        0.797224530294030,       -0.627778308556365
        0.834000000000000,        0.796596278074662,       -0.628725899043754
        0.835000000000000,        0.795967078871049,       -0.629672275214053
        0.836000000000000,        0.795336933900718,       -0.630617430645978
        0.837000000000000,        0.794705844387617,       -0.631561358921950
        0.838000000000000,        0.794073811562108,       -0.632504053628129
        0.839000000000000,        0.793440836660968,       -0.633445508354447
        0.840000000000000,        0.792806920927379,       -0.634385716694642
        0.841000000000000,        0.792172065610929,       -0.635324672246291
        0.842000000000000,        0.791536271967606,       -0.636262368610845
        0.843000000000000,        0.790899541259795,       -0.637198799393660
        0.844000000000000,        0.790261874756273,       -0.638133958204031
        0.845000000000000,        0.789623273732206,       -0.639067838655227
        0.846000000000000,        0.788983739469146,       -0.640000434364519
        0.847000000000000,        0.788343273255023,       -0.640931738953221
        0.848000000000000,        0.787701876384146,       -0.641861746046714
        0.849000000000000,        0.787059550157196,       -0.642790449274485
        0.850000000000000,        0.786416295881223,       -0.643717842270157
        0.851000000000000,        0.785772114869638,       -0.644643918671524
        0.852000000000000,        0.785127008442218,       -0.645568672120580
        0.853000000000000,        0.784480977925090,       -0.646492096263554
        0.854000000000000,        0.783834024650735,       -0.647414184750942
        0.855000000000000,        0.783186149957984,       -0.648334931237539
        0.856000000000000,        0.782537355192006,       -0.649254329382474
        0.857000000000000,        0.781887641704313,       -0.650172372849234
        0.858000000000000,        0.781237010852749,       -0.651089055305707
        0.859000000000000,        0.780585464001489,       -0.652004370424207
        0.860000000000000,        0.779933002521032,       -0.652918311881506
        0.861000000000000,        0.779279627788199,       -0.653830873358868
        0.862000000000000,        0.778625341186128,       -0.654742048542084
        0.863000000000000,        0.777970144104269,       -0.655651831121493
        0.864000000000000,        0.777314037938377,       -0.656560214792027
        0.865000000000000,        0.776657024090513,       -0.657467193253231
        0.866000000000000,        0.775999103969034,       -0.658372760209302
        0.867000000000000,        0.775340278988591,       -0.659276909369117
        0.868000000000000,        0.774680550570124,       -0.660179634446265
        0.869000000000000,        0.774019920140857,       -0.661080929159076
        0.870000000000000,        0.773358389134293,       -0.661980787230658
        0.871000000000000,        0.772695958990210,       -0.662879202388920
        0.872000000000000,        0.772032631154655,       -0.663776168366609
        0.873000000000000,        0.771368407079940,       -0.664671678901338
        0.874000000000000,        0.770703288224638,       -0.665565727735618
        0.875000000000000,        0.770037276053576,       -0.666458308616886
        0.876000000000000,        0.769370372037830,       -0.667349415297540
        0.877000000000000,        0.768702577654724,       -0.668239041534965
        0.878000000000000,        0.768033894387819,       -0.669127181091566
        0.879000000000000,        0.767364323726914,       -0.670013827734796
        0.880000000000000,        0.766693867168035,       -0.670898975237191
        0.881000000000000,        0.766022526213436,       -0.671782617376392
        0.882000000000000,        0.765350302371588,       -0.672664747935182
        0.883000000000000,        0.764677197157179,       -0.673545360701514
        0.884000000000000,        0.764003212091104,       -0.674424449468538
        0.885000000000000,        0.763328348700465,       -0.675302008034635
        0.886000000000000,        0.762652608518561,       -0.676178030203443
        0.887000000000000,        0.761975993084884,       -0.677052509783887
        0.888000000000000,        0.761298503945118,       -0.677925440590212
        0.889000000000000,        0.760620142651127,       -0.678796816442007
        0.890000000000000,        0.759940910760952,       -0.679666631164237
        0.891000000000000,        0.759260809838810,       -0.680534878587272
        0.892000000000000,        0.758579841455081,       -0.681401552546917
        0.893000000000000,        0.757898007186310,       -0.682266646884438
        0.894000000000000,        0.757215308615195,       -0.683130155446592
        0.895000000000000,        0.756531747330586,       -0.683992072085658
        0.896000000000000,        0.755847324927478,       -0.684852390659461
        0.897000000000000,        0.755162043007005,       -0.685711105031407
        0.898000000000000,        0.754475903176434,       -0.686568209070503
        0.899000000000000,        0.753788907049162,       -0.687423696651393
        0.900000000000000,        0.753101056244707,       -0.688277561654381
        0.901000000000000,        0.752412352388705,       -0.689129797965463
        0.902000000000000,        0.751722797112903,       -0.689980399476352
        0.903000000000000,        0.751032392055151,       -0.690829360084507
        0.904000000000000,        0.750341138859402,       -0.691676673693160
        0.905000000000000,        0.749649039175702,       -0.692522334211345
        0.906000000000000,        0.748956094660184,       -0.693366335553926
        0.907000000000000,        0.748262306975063,       -0.694208671641620
        0.908000000000000,        0.747567677788632,       -0.695049336401032
        0.909000000000000,        0.746872208775254,       -0.695888323764675
        0.910000000000000,        0.746175901615355,       -0.696725627671001
        0.911000000000000,        0.745478757995422,       -0.697561242064428
        0.912000000000000,        0.744780779607991,       -0.698395160895364
        0.913000000000000,        0.744081968151649,       -0.699227378120238
        0.914000000000000,        0.743382325331021,       -0.700057887701523
        0.915000000000000,        0.742681852856766,       -0.700886683607766
        0.916000000000000,        0.741980552445573,       -0.701713759813611
        0.917000000000000,        0.741278425820152,       -0.702539110299828
        0.918000000000000,        0.740575474709230,       -0.703362729053339
        0.919000000000000,        0.739871700847544,       -0.704184610067243
        0.920000000000000,        0.739167105975834,       -0.705004747340842
        0.921000000000000,        0.738461691840839,       -0.705823134879668
        0.922000000000000,        0.737755460195287,       -0.706639766695509
        0.923000000000000,        0.737048412797895,       -0.707454636806435
        0.924000000000000,        0.736340551413353,       -0.708267739236821
        0.925000000000000,        0.735631877812330,       -0.709079068017376
        0.926000000000000,        0.734922393771456,       -0.709888617185166
        0.927000000000000,        0.734212101073322,       -0.710696380783639
        0.928000000000000,        0.733501001506475,       -0.711502352862655
        0.929000000000000,        0.732789096865406,       -0.712306527478503
        0.930000000000000,        0.732076388950547,       -0.713108898693933
        0.931000000000000,        0.731362879568265,       -0.713909460578178
        0.932000000000000,        0.730648570530853,       -0.714708207206978
        0.933000000000000,        0.729933463656527,       -0.715505132662606
        0.934000000000000,        0.729217560769416,       -0.716300231033893
        0.935000000000000,        0.728500863699557,       -0.717093496416251
        0.936000000000000,        0.727783374282889,       -0.717884922911697
        0.937000000000000,        0.727065094361245,       -0.718674504628879
        0.938000000000000,        0.726346025782346,       -0.719462235683099
        0.939000000000000,        0.725626170399794,       -0.720248110196336
        0.940000000000000,        0.724905530073068,       -0.721032122297271
        0.941000000000000,        0.724184106667512,       -0.721814266121313
        0.942000000000000,        0.723461902054333,       -0.722594535810618
        0.943000000000000,        0.722738918110592,       -0.723372925514114
        0.944000000000000,        0.722015156719196,       -0.724149429387526
        0.945000000000000,        0.721290619768897,       -0.724924041593400
        0.946000000000000,        0.720565309154276,       -0.725696756301122
        0.947000000000000,        0.719839226775746,       -0.726467567686944
        0.948000000000000,        0.719112374539536,       -0.727236469934008
        0.949000000000000,        0.718384754357692,       -0.728003457232365
        0.950000000000000,        0.717656368148063,       -0.728768523779000
        0.951000000000000,        0.716927217834301,       -0.729531663777858
        0.952000000000000,        0.716197305345849,       -0.730292871439858
        0.953000000000000,        0.715466632617935,       -0.731052140982923
        0.954000000000000,        0.714735201591566,       -0.731809466631999
        0.955000000000000,        0.714003014213520,       -0.732564842619078
        0.956000000000000,        0.713270072436342,       -0.733318263183219
        0.957000000000000,        0.712536378218331,       -0.734069722570569
        0.958000000000000,        0.711801933523539,       -0.734819215034388
        0.959000000000000,        0.711066740321759,       -0.735566734835069
        0.960000000000000,        0.710330800588521,       -0.736312276240157
        0.961000000000000,        0.709594116305085,       -0.737055833524375
        0.962000000000000,        0.708856689458430,       -0.737797400969642
        0.963000000000000,        0.708118522041253,       -0.738536972865094
        0.964000000000000,        0.707379616051955,       -0.739274543507107
        0.965000000000000,        0.706639973494639,       -0.740010107199317
        0.966000000000000,        0.705899596379099,       -0.740743658252641
        0.967000000000000,        0.705158486720817,       -0.741475190985296
        0.968000000000000,        0.704416646540950,       -0.742204699722822
        0.969000000000000,        0.703674077866329,       -0.742932178798102
        0.970000000000000,        0.702930782729445,       -0.743657622551380
        0.971000000000000,        0.702186763168449,       -0.744381025330285
        0.972000000000000,        0.701442021227137,       -0.745102381489846
        0.973000000000000,        0.700696558954948,       -0.745821685392518
        0.974000000000000,        0.699950378406955,       -0.746538931408196
        0.975000000000000,        0.699203481643857,       -0.747254113914239
        0.976000000000000,        0.698455870731973,       -0.747967227295487
        0.977000000000000,        0.697707547743230,       -0.748678265944283
        0.978000000000000,        0.696958514755163,       -0.749387224260489
        0.979000000000000,        0.696208773850901,       -0.750094096651507
        0.980000000000000,        0.695458327119163,       -0.750798877532299
        0.981000000000000,        0.694707176654248,       -0.751501561325405
        0.982000000000000,        0.693955324556029,       -0.752202142460961
        0.983000000000000,        0.693202772929947,       -0.752900615376719
        0.984000000000000,        0.692449523886999,       -0.753596974518066
        0.985000000000000,        0.691695579543733,       -0.754291214338040
        0.986000000000000,        0.690940942022241,       -0.754983329297351
        0.987000000000000,        0.690185613450151,       -0.755673313864398
        0.988000000000000,        0.689429595960617,       -0.756361162515288
        0.989000000000000,        0.688672891692315,       -0.757046869733852
        0.990000000000000,        0.687915502789432,       -0.757730430011667
        0.991000000000000,        0.687157431401659,       -0.758411837848067
        0.992000000000000,        0.686398679684186,       -0.759091087750167
        0.993000000000000,        0.685639249797689,       -0.759768174232879
        0.994000000000000,        0.684879143908328,       -0.760443091818925
        0.995000000000000,        0.684118364187734,       -0.761115835038862
        0.996000000000000,        0.683356912813006,       -0.761786398431092
        0.997000000000000,        0.682594791966699,       -0.762454776541881
        0.998000000000000,        0.681832003836818,       -0.763120963925380
        0.999000000000000,        0.681068550616809,       -0.763784955143636
        1.000000000000000,        0.680304434505555,       -0.764446744766612
