        1.000000000000000,       -0.033693063689501
        1.126000000000000,       -0.033347712887995
        1.252000000000000,       -0.032980376391643
        1.378000000000000,       -0.032591681873674
        1.504000000000000,       -0.032182249171002
        1.630000000000000,       -0.031752690324779
        1.756000000000000,       -0.031303609620941
        1.882000000000000,       -0.030835603630749
        2.008000000000000,       -0.030349261251343
        2.134000000000000,       -0.029845163746284
        2.260000000000000,       -0.029323884786104
        2.386000000000000,       -0.028785990488851
        2.512000000000000,       -0.028232039460633
        2.638000000000000,       -0.027662582836170
        2.764000000000000,       -0.027078164319338
        2.890000000000000,       -0.026479320223717
        3.016000000000000,       -0.025866579513134
        3.142000000000000,       -0.025240463842214
        3.268000000000000,       -0.024601487596926
        3.394000000000000,       -0.023950157935129
        3.520000000000000,       -0.023286974827117
        3.646000000000000,       -0.022612431096168
        3.772000000000000,       -0.021927012459091
        3.898000000000000,       -0.021231197566773
        4.024000000000000,       -0.020525458044721
        4.150000000000000,       -0.019810258533615
        4.276000000000000,       -0.019086056729853
        4.402000000000000,       -0.018353303426095
        4.528000000000000,       -0.017612442551812
        4.654000000000000,       -0.016863911213832
        4.780000000000000,       -0.016108139736888
        4.906000000000001,       -0.015345551704163
        5.032000000000000,       -0.014576563997839
        5.158000000000000,       -0.013801586839641
        5.284000000000000,       -0.013021023831385
        5.410000000000000,       -0.012235271995524
        5.536000000000000,       -0.011444721815698
        5.662000000000000,       -0.010649757277275
        5.788000000000000,       -0.009850755907905
        5.914000000000000,       -0.009048088818059
        6.040000000000000,       -0.008242120741581
        6.166000000000000,       -0.007433210076233
        6.292000000000000,       -0.006621708924242
        6.418000000000000,       -0.005807963132846
        6.544000000000000,       -0.004992312334843
        6.670000000000000,       -0.004175089989135
        6.796000000000000,       -0.003356623421276
        6.922000000000000,       -0.002537233864017
        7.048000000000000,       -0.001717236497858
        7.174000000000000,       -0.000896940491588
        7.300000000000000,       -0.000076649042836
        7.426000000000000,        0.000743340581384
        7.552000000000000,        0.001562737004126
        7.678000000000000,        0.002381254697963
        7.804000000000000,        0.003198613944444
        7.930000000000000,        0.004014540793546
        8.056000000000001,        0.004828767023125
        8.182000000000000,        0.005641030098373
        8.308000000000000,        0.006451073131266
        8.434000000000001,        0.007258644840026
        8.560000000000000,        0.008063499508563
        8.686000000000000,        0.008865396945938
        8.812000000000001,        0.009664102445810
        8.937999999999999,        0.010459386745894
        9.064000000000000,        0.011251025987410
        9.190000000000000,        0.012038801674539
        9.316000000000001,        0.012822500633875
        9.442000000000000,        0.013601914973878
        9.568000000000000,        0.014376842044329
        9.694000000000001,        0.015147084395783
        9.820000000000000,        0.015912449739020
        9.946000000000000,        0.016672750904499
       10.071999999999999,        0.017427805801814
       10.198000000000000,        0.018177437379145
       10.324000000000000,        0.018921473582709
       10.449999999999999,        0.019659747316219
       10.576000000000001,        0.020392096400332
       10.702000000000000,        0.021118363532105
       10.827999999999999,        0.021838396244449
       10.954000000000001,        0.022552046865577
       11.080000000000000,        0.023259172478465
       11.206000000000000,        0.023959634880299
       11.332000000000001,        0.024653300541932
       11.458000000000000,        0.025340040567335
       11.584000000000000,        0.026019730653052
       11.710000000000001,        0.026692251047652
       11.836000000000000,        0.027357486511181
       11.962000000000000,        0.028015326274619
       12.088000000000001,        0.028665663999332
       12.214000000000000,        0.029308397736522
       12.340000000000000,        0.029943429886684
       12.465999999999999,        0.030570667159058
       12.592000000000001,        0.031190020531082
       12.718000000000000,        0.031801405207846
       12.843999999999999,        0.032404740581544
       12.970000000000001,        0.032999950190928
       13.096000000000000,        0.033586961680762
       13.222000000000000,        0.034165706761275
       13.348000000000001,        0.034736121167613
       13.474000000000000,        0.035298144619293
       13.600000000000000,        0.035851720779656
       13.726000000000001,        0.036396797215322
       13.852000000000000,        0.036933325355640
       13.978000000000000,        0.037461260452146
       14.103999999999999,        0.037980561538011
       14.230000000000000,        0.038491191387497
       14.356000000000000,        0.038993116475410
       14.481999999999999,        0.039486306936554
       14.608000000000001,        0.039970736525183
       14.734000000000000,        0.040446382574455
       14.859999999999999,        0.040913225955883
       14.986000000000001,        0.041371251038794
       15.112000000000000,        0.041820445649776
       15.238000000000000,        0.042260801032133
       15.364000000000001,        0.042692311805341
       15.490000000000000,        0.043114975924500
       15.616000000000000,        0.043528794639783
       15.742000000000001,        0.043933772455895
       15.868000000000000,        0.044329917091526
       15.994000000000000,        0.044717239438799
       16.120000000000001,        0.045095753522729
       16.246000000000002,        0.045465476460672
       16.372000000000000,        0.045826428421782
       16.497999999999998,        0.046178632586461
       16.624000000000002,        0.046522115105814
       16.750000000000000,        0.046856905061103
       16.875999999999998,        0.047183034423198
       17.001999999999999,        0.047500538012032
       17.128000000000000,        0.047809453456053
       17.254000000000001,        0.048109821151678
       17.379999999999999,        0.048401684222749
       17.506000000000000,        0.048685088479979
       17.632000000000001,        0.048960082380414
       17.757999999999999,        0.049226716986879
       17.884000000000000,        0.049485045927436
       18.010000000000002,        0.049735125354835
       18.135999999999999,        0.049977013905968
       18.262000000000000,        0.050210772661322
       18.388000000000002,        0.050436465104433
       18.513999999999999,        0.050654157081336
       18.640000000000001,        0.050863916760025
       18.766000000000002,        0.051065814589899
       18.891999999999999,        0.051259923261220
       19.018000000000001,        0.051446317664563
       19.143999999999998,        0.051625074850274
       19.270000000000000,        0.051796273987917
       19.396000000000001,        0.051959996325732
       19.521999999999998,        0.052116325150087
       19.648000000000000,        0.052265345744930
       19.774000000000001,        0.052407145351245
       19.899999999999999,        0.052541813126500
       20.026000000000000,        0.052669440104108
       20.152000000000001,        0.052790119152874
       20.277999999999999,        0.052903944936450
       20.404000000000000,        0.053011013872788
       20.530000000000001,        0.053111424093597
       20.655999999999999,        0.053205275403790
       20.782000000000000,        0.053292669240941
       20.908000000000001,        0.053373708634739
       21.033999999999999,        0.053448498166438
       21.160000000000000,        0.053517143928313
       21.286000000000001,        0.053579753483113
       21.411999999999999,        0.053636435823514
       21.538000000000000,        0.053687301331569
       21.664000000000001,        0.053732461738168
       21.789999999999999,        0.053772030082486
       21.916000000000000,        0.053806120671436
       22.042000000000002,        0.053834849039126
       22.167999999999999,        0.053858331906311
       22.294000000000000,        0.053876687139844
       22.420000000000002,        0.053890033712130
       22.545999999999999,        0.053898491660582
       22.672000000000001,        0.053902182047072
       22.798000000000002,        0.053901226917383
       22.923999999999999,        0.053895749260666
       23.050000000000001,        0.053885872968889
       23.176000000000002,        0.053871722796294
       23.302000000000000,        0.053853424318848
       23.428000000000001,        0.053831103893697
       23.553999999999998,        0.053804888618620
       23.680000000000000,        0.053774906291479
       23.806000000000001,        0.053741285369677
       23.931999999999999,        0.053704154929609
       24.058000000000000,        0.053663644626113
       24.184000000000001,        0.053619884651927
       24.309999999999999,        0.053573005697142
       24.436000000000000,        0.053523138908651
       24.562000000000001,        0.053470415849608
       24.687999999999999,        0.053414968458877
       24.814000000000000,        0.053356929010487
       24.940000000000001,        0.053296430073086
       25.065999999999999,        0.053233604469393
       25.192000000000000,        0.053168585235650
       25.318000000000001,        0.053101505581078
       25.443999999999999,        0.053032498847330
       25.570000000000000,        0.052961698467943
       25.696000000000002,        0.052889237927789
       25.821999999999999,        0.052815250722536
       25.948000000000000,        0.052739870318091
       26.074000000000002,        0.052663230110062
       26.199999999999999,        0.052585463383206
       26.326000000000001,        0.052506703270884
       26.452000000000002,        0.052427082714515
       26.577999999999999,        0.052346734423028
       26.704000000000001,        0.052265790832315
       26.830000000000002,        0.052184384064686
       26.956000000000000,        0.052102645888323
       27.082000000000001,        0.052020707676727
       27.207999999999998,        0.051938700368180
       27.334000000000000,        0.051856754425192
       27.460000000000001,        0.051774999793957
       27.585999999999999,        0.051693565863805
       27.712000000000000,        0.051612581426657
       27.838000000000001,        0.051532174636475
       27.963999999999999,        0.051452472968720
       28.090000000000000,        0.051373603179800
       28.216000000000001,        0.051295691266529
       28.341999999999999,        0.051218862425575
       28.468000000000000,        0.051143241012915
       28.594000000000001,        0.051068950503290
       28.719999999999999,        0.050996113449657
       28.846000000000000,        0.050924851442642
       28.972000000000001,        0.050855285069992
       29.097999999999999,        0.050787533876032
       29.224000000000000,        0.050721716321114
       29.350000000000001,        0.050657949741075
       29.475999999999999,        0.050596350306684
       29.602000000000000,        0.050537032983103
       29.728000000000002,        0.050480111489331
       29.853999999999999,        0.050425698257666
       29.980000000000000,        0.050373904393155
       30.106000000000002,        0.050324839633043
       30.231999999999999,        0.050278612306235
       30.358000000000001,        0.050235329292741
       30.484000000000002,        0.050195095983133
       30.609999999999999,        0.050158016238000
       30.736000000000001,        0.050124192347396
       30.862000000000002,        0.050093724990300
       30.988000000000000,        0.050066713194062
       31.114000000000001,        0.050043254293863
       31.240000000000002,        0.050023443892164
       31.366000000000000,        0.050007375818160
       31.492000000000001,        0.049995142087234
       31.617999999999999,        0.049986832860412
       31.744000000000000,        0.049982536403811
       31.870000000000001,        0.049982339048097
       31.995999999999999,        0.049986325147938
       32.122000000000000,        0.049994577041455
       32.248000000000005,        0.050007175009675
       32.373999999999995,        0.050024197235989
       32.500000000000000,        0.050045719765597
       32.626000000000005,        0.050071816464972
       32.751999999999995,        0.050102558981302
       32.878000000000000,        0.050138016701952
       33.003999999999998,        0.050178256713913
       33.130000000000003,        0.050223343763256
       33.256000000000000,        0.050273340214584
       33.381999999999998,        0.050328306010491
       33.508000000000003,        0.050388298631005
       33.634000000000000,        0.050453373053053
       33.759999999999998,        0.050523581709904
       33.886000000000003,        0.050598974450630
       34.012000000000000,        0.050679598499553
       34.137999999999998,        0.050765498415706
       34.264000000000003,        0.050856716052275
       34.390000000000001,        0.050953290516064
       34.515999999999998,        0.051055258126942
       34.642000000000003,        0.051162652377296
       34.768000000000001,        0.051275503891485
       34.893999999999998,        0.051393840385297
       35.020000000000003,        0.051517686625397
       35.146000000000001,        0.051647064388782
       35.271999999999998,        0.051781992422235
       35.398000000000003,        0.051922486401780
       35.524000000000001,        0.052068558892130
       35.649999999999999,        0.052220219306146
       35.776000000000003,        0.052377473864285
       35.902000000000001,        0.052540325554059
       36.027999999999999,        0.052708774089483
       36.154000000000003,        0.052882815870532
       36.280000000000001,        0.053062443942591
       36.405999999999999,        0.053247647955912
       36.532000000000004,        0.053438414125063
       36.658000000000001,        0.053634725188387
       36.783999999999999,        0.053836560367448
       36.910000000000004,        0.054043895326491
       37.036000000000001,        0.054256702131891
       37.161999999999999,        0.054474949211607
       37.287999999999997,        0.054698601314636
       37.414000000000001,        0.054927619470468
       37.539999999999999,        0.055161960948537
       37.665999999999997,        0.055401579217671
       37.792000000000002,        0.055646423905554
       37.917999999999999,        0.055896440758172
       38.043999999999997,        0.056151571599266
       38.170000000000002,        0.056411754289792
       38.295999999999999,        0.056676922687369
       38.421999999999997,        0.056947006605730
       38.548000000000002,        0.057221931774182
       38.673999999999999,        0.057501619797054
       38.799999999999997,        0.057785988113153
       38.926000000000002,        0.058074949955215
       39.052000000000000,        0.058368414309361
       39.177999999999997,        0.058666285874549
       39.304000000000002,        0.058968465022025
       39.430000000000000,        0.059274847754780
       39.555999999999997,        0.059585325667001
       39.682000000000002,        0.059899785903526
       39.808000000000000,        0.060218111119296
       39.933999999999997,        0.060540179438804
       40.060000000000002,        0.060865864415561
       40.186000000000000,        0.061195034991533
       40.311999999999998,        0.061527555456605
       40.438000000000002,        0.061863285408036
       40.564000000000000,        0.062202079709899
       40.689999999999998,        0.062543788452550
       40.816000000000003,        0.062888256912070
       40.942000000000000,        0.063235325509726
       41.067999999999998,        0.063584829771420
       41.194000000000003,        0.063936600287140
       41.320000000000000,        0.064290462670419
       41.445999999999998,        0.064646237517784
       41.572000000000003,        0.065003740368214
       41.698000000000000,        0.065362781662586
       41.823999999999998,        0.065723166703135
       41.950000000000003,        0.066084695612904
       42.076000000000001,        0.066447163295197
       42.201999999999998,        0.066810359393034
       42.328000000000003,        0.067174068248604
       42.454000000000001,        0.067538068862715
       42.579999999999998,        0.067902134854255
       42.706000000000003,        0.068266034419634
       42.832000000000001,        0.068629530292249
       42.957999999999998,        0.068992379701925
       43.084000000000003,        0.069354334334385
       43.210000000000001,        0.069715140290681
       43.335999999999999,        0.070074538046671
       43.462000000000003,        0.070432262412454
       43.588000000000001,        0.070788042491833
       43.713999999999999,        0.071141601641761
       43.840000000000003,        0.071492657431803
       43.966000000000001,        0.071840921603584
       44.091999999999999,        0.072186100030241
       44.218000000000004,        0.072527892675883
       44.344000000000001,        0.072865993555033
       44.469999999999999,        0.073200090692093
       44.596000000000004,        0.073529866080791
       44.722000000000001,        0.073854995643632
       44.847999999999999,        0.074175149191361
       44.974000000000004,        0.074489990382405
       45.100000000000001,        0.074799176682332
       45.225999999999999,        0.075102359323306
       45.352000000000004,        0.075399183263533
       45.478000000000002,        0.075689287146725
       45.603999999999999,        0.075972303261542
       45.729999999999997,        0.076247857501052
       45.856000000000002,        0.076515569322187
       45.981999999999999,        0.076775051705184
       46.107999999999997,        0.077025911113051
       46.234000000000002,        0.077267747451020
       46.359999999999999,        0.077500154025986
       46.485999999999997,        0.077722717505978
       46.612000000000002,        0.077935017879601
       46.738000000000000,        0.078136628415490
       46.863999999999997,        0.078327115621775
       46.990000000000002,        0.078506039205513
       47.116000000000000,        0.078672952032166
       47.241999999999997,        0.078827400085030
       47.368000000000002,        0.078968922424707
       47.494000000000000,        0.079097051148549
       47.619999999999997,        0.079211311350113
       47.746000000000002,        0.079311221078618
       47.872000000000000,        0.079396291298391
       47.997999999999998,        0.079466025848328
       48.124000000000002,        0.079519921401337
       48.250000000000000,        0.079557467423804
       48.375999999999998,        0.079578146135040
       48.502000000000002,        0.079581432466733
       48.628000000000000,        0.079566794022397
       48.753999999999998,        0.079533691036841
       48.880000000000003,        0.079481576335603
       49.006000000000000,        0.079409895294418
       49.131999999999998,        0.079318085798664
       49.258000000000003,        0.079205578202819
       49.384000000000000,        0.079071795289905
       49.509999999999998,        0.078916152230959
       49.636000000000003,        0.078738056544465
       49.762000000000000,        0.078536908055825
       49.887999999999998,        0.078312098856804
       50.014000000000003,        0.078063013264984
       50.140000000000001,        0.077789027783215
       50.265999999999998,        0.077489511059076
       50.392000000000003,        0.077163823844316
       50.518000000000001,        0.076811318954324
       50.643999999999998,        0.076431341227567
       50.770000000000003,        0.076023227485046
       50.896000000000001,        0.075586306489765
       51.021999999999998,        0.075119898906153
       51.148000000000003,        0.074623317259550
       51.274000000000001,        0.074095865895644
       51.399999999999999,        0.073536840939919
       51.526000000000003,        0.072945530257124
       51.652000000000001,        0.072321213410717
       51.777999999999999,        0.071663161622312
       51.904000000000003,        0.070970637731143
       52.030000000000001,        0.070242896153522
       52.155999999999999,        0.069479182842271
       52.282000000000004,        0.068678735246197
       52.408000000000001,        0.067840782269532
       52.533999999999999,        0.066964544231390
       52.660000000000004,        0.066049232825228
       52.786000000000001,        0.065094051078285
       52.911999999999999,        0.064098193311045
       53.038000000000004,        0.063060845096685
       53.164000000000001,        0.061981183220541
       53.289999999999999,        0.060858375639538
       53.415999999999997,        0.059691581441664
       53.542000000000002,        0.058479950805416
       53.667999999999999,        0.057222624959251
       53.793999999999997,        0.055918736141038
       53.920000000000002,        0.054567407557526
       54.045999999999999,        0.053167753343775
       54.171999999999997,        0.051718878522622
       54.298000000000002,        0.050219878964135
       54.423999999999999,        0.048669841345063
       54.549999999999997,        0.047067843108293
       54.676000000000002,        0.045412952422292
       54.802000000000000,        0.043704228140578
       54.927999999999997,        0.041940719761149
       55.054000000000002,        0.040121467385977
       55.180000000000000,        0.038245501680408
       55.305999999999997,        0.036311843832658
       55.432000000000002,        0.034319505513244
       55.558000000000000,        0.032267488834449
       55.683999999999997,        0.030154786309765
       55.810000000000002,        0.027980380813361
       55.936000000000000,        0.025743245539518
       56.061999999999998,        0.023442343962088
       56.188000000000002,        0.021076629793964
       56.314000000000000,        0.018645046946503
       56.439999999999998,        0.016146529489012
       56.566000000000003,        0.013580001608174
       56.692000000000000,        0.010944377567517
       56.817999999999998,        0.008238561666861
       56.944000000000003,        0.005461448201777
       57.070000000000000,        0.002611921423031
       57.195999999999998,       -0.000311144503960
       57.322000000000003,       -0.003308885539662
       57.448000000000000,       -0.006382447810990
       57.573999999999998,       -0.009532987651842
       57.700000000000003,       -0.012761671643647
       57.826000000000001,       -0.016069676655923
       57.951999999999998,       -0.019458189886805
       58.078000000000003,       -0.022928408903610
       58.204000000000001,       -0.026481541683362
       58.329999999999998,       -0.030118806653375
       58.456000000000003,       -0.033841432731754
       58.582000000000001,       -0.037650659367977
       58.707999999999998,       -0.041547736583425
       58.834000000000003,       -0.045533925011935
       58.960000000000001,       -0.049610495940343
       59.085999999999999,       -0.053778731349041
       59.212000000000003,       -0.058039923952501
       59.338000000000001,       -0.062395377239842
       59.463999999999999,       -0.066846405515375
       59.590000000000003,       -0.071394333939148
       59.716000000000001,       -0.076040498567474
       59.841999999999999,       -0.080786246393513
       59.968000000000004,       -0.085632935387791
       60.094000000000001,       -0.090581934538751
       60.219999999999999,       -0.095634623893313
       60.346000000000004,       -0.100792394597406
       60.472000000000001,       -0.106056648936525
       60.597999999999999,       -0.111428800376268
       60.724000000000004,       -0.116910273602899
       60.850000000000001,       -0.122502504563869
       60.975999999999999,       -0.128206940508386
       61.102000000000004,       -0.134025040027955
       61.228000000000002,       -0.139958273096921
       61.353999999999999,       -0.146008121113010
       61.480000000000004,       -0.152176076937899
       61.606000000000002,       -0.158463644937736
       61.731999999999999,       -0.164872341023697
       61.857999999999997,       -0.171403692692548
       61.984000000000002,       -0.178059239067158
       62.109999999999999,       -0.184840530937079
       62.235999999999997,       -0.191749130799074
       62.362000000000002,       -0.198786612897665
       62.488000000000000,       -0.205954563265699
       62.613999999999997,       -0.213254579764859
       62.740000000000002,       -0.220688272126244
       62.866000000000000,       -0.228257261990894
       62.991999999999997,       -0.235963182950359
       63.118000000000002,       -0.243807680587212
       63.244000000000000,       -0.251792412515634
       63.369999999999997,       -0.259919048421933
       63.496000000000002,       -0.268189270105111
       63.622000000000000,       -0.276604771517375
       63.747999999999998,       -0.285167258804744
       63.874000000000002,       -0.293878450347536
       64.000000000000000,       -0.302740076800944
