       10.000000000000000,        0.000000000000000
       10.090000000000000,        0.018260474045390
       10.180000000000000,        0.018576397450799
       10.270000000000000,        0.018895443340086
       10.359999999999999,        0.019217534837110
       10.449999999999999,        0.019542595065730
       10.539999999999999,        0.019870547149805
       10.630000000000001,        0.020201314213195
       10.720000000000001,        0.020534819379758
       10.810000000000000,        0.020870985773353
       10.900000000000000,        0.021209736517840
       10.990000000000000,        0.021550994737077
       11.080000000000000,        0.021894683554924
       11.170000000000000,        0.022240726095238
       11.260000000000000,        0.022589045481881
       11.350000000000000,        0.022939564838710
       11.440000000000000,        0.023292207289585
       11.529999999999999,        0.023646895958364
       11.619999999999999,        0.024003553968907
       11.710000000000001,        0.024362104445073
       11.800000000000001,        0.024722470510720
       11.890000000000001,        0.025084575289708
       11.980000000000000,        0.025448341905896
       12.070000000000000,        0.025813693483143
       12.160000000000000,        0.026180553145308
       12.250000000000000,        0.026548844016250
       12.340000000000000,        0.026918489219828
       12.430000000000000,        0.027289411879901
       12.520000000000000,        0.027661535120328
       12.609999999999999,        0.028034782064968
       12.699999999999999,        0.028409075837680
       12.789999999999999,        0.028784339562323
       12.879999999999999,        0.029160496362757
       12.969999999999999,        0.029537469362840
       13.060000000000000,        0.029915181686431
       13.150000000000000,        0.030293556457390
       13.240000000000000,        0.030672516799575
       13.330000000000000,        0.031051985836846
       13.420000000000000,        0.031431886693060
       13.510000000000000,        0.031812142492079
       13.600000000000000,        0.032192676357760
       13.690000000000000,        0.032573411413963
       13.779999999999999,        0.032954270784546
       13.869999999999999,        0.033335177593369
       13.960000000000001,        0.033716054964291
       14.050000000000001,        0.034096826021170
       14.140000000000001,        0.034477413887866
       14.230000000000000,        0.034857741688238
       14.320000000000000,        0.035237732546145
       14.410000000000000,        0.035617309585446
       14.500000000000000,        0.035996395930000
       14.590000000000000,        0.036374914703666
       14.680000000000000,        0.036752789030303
       14.770000000000000,        0.037129942033770
       14.859999999999999,        0.037506296837926
       14.949999999999999,        0.037881776566630
       15.039999999999999,        0.038249244592261
       15.129999999999999,        0.038606873143553
       15.219999999999999,        0.038963440597334
       15.309999999999999,        0.039318900958794
       15.399999999999999,        0.039673208233120
       15.490000000000000,        0.040026316425502
       15.580000000000000,        0.040378179541127
       15.670000000000000,        0.040728751585184
       15.760000000000000,        0.041077986562862
       15.850000000000000,        0.041425838479349
       15.940000000000000,        0.041772261339833
       16.030000000000001,        0.042117209149502
       16.120000000000001,        0.042460635913546
       16.210000000000001,        0.042802495637153
       16.300000000000001,        0.043142742325510
       16.390000000000001,        0.043481329983807
       16.480000000000000,        0.043818212617231
       16.570000000000000,        0.044153344230972
       16.660000000000000,        0.044486678830218
       16.750000000000000,        0.044818170420156
       16.840000000000000,        0.045147773005976
       16.930000000000000,        0.045475440592866
       17.020000000000000,        0.045801127186015
       17.109999999999999,        0.046124786790610
       17.199999999999999,        0.046446373411840
       17.289999999999999,        0.046765841054894
       17.379999999999999,        0.047083143724960
       17.469999999999999,        0.047398235427226
       17.559999999999999,        0.047711070166881
       17.649999999999999,        0.048021601949114
       17.739999999999998,        0.048329784779112
       17.829999999999998,        0.048635572662064
       17.920000000000002,        0.048938919603159
       18.009999999999998,        0.049239779607585
       18.100000000000001,        0.049538106680530
       18.189999999999998,        0.049833854827183
       18.280000000000001,        0.050126978052732
       18.369999999999997,        0.050417430362366
       18.460000000000001,        0.050705165761273
       18.549999999999997,        0.050990138254641
       18.640000000000001,        0.051272301847660
       18.730000000000000,        0.051551610545516
       18.820000000000000,        0.051828018353399
       18.910000000000000,        0.052101479276498
       19.000000000000000,        0.052371947320000
       19.090000000000000,        0.052639376489094
       19.180000000000000,        0.052903720788969
       19.270000000000000,        0.053164934224812
       19.359999999999999,        0.053422970801812
       19.449999999999999,        0.053677784525159
       19.539999999999999,        0.053929329400039
       19.629999999999999,        0.054177559431642
       19.719999999999999,        0.054422428625156
       19.810000000000002,        0.054663890985769
       19.899999999999999,        0.054901900518670
       19.990000000000002,        0.055136411229047
       20.079999999999998,        0.055338454914412
       20.170000000000002,        0.055531645189726
       20.259999999999998,        0.055719424697273
       20.350000000000001,        0.055901716560910
       20.439999999999998,        0.056078443904497
       20.530000000000001,        0.056249529851892
       20.619999999999997,        0.056414897526955
       20.710000000000001,        0.056574470053545
       20.799999999999997,        0.056728170555520
       20.890000000000001,        0.056875922156740
       20.980000000000000,        0.057017647981064
       21.070000000000000,        0.057153271152351
       21.160000000000000,        0.057282714794460
       21.250000000000000,        0.057405902031250
       21.340000000000000,        0.057522755986580
       21.430000000000000,        0.057633199784309
       21.520000000000000,        0.057737156548296
       21.609999999999999,        0.057834549402400
       21.699999999999999,        0.057925301470480
       21.789999999999999,        0.058009335876395
       21.879999999999999,        0.058086575744005
       21.969999999999999,        0.058156944197168
       22.059999999999999,        0.058220364359743
       22.149999999999999,        0.058276759355590
       22.240000000000002,        0.058326052308567
       22.329999999999998,        0.058368166342534
       22.420000000000002,        0.058403024581348
       22.509999999999998,        0.058430550148871
       22.600000000000001,        0.058450666168960
       22.689999999999998,        0.058463295765475
       22.780000000000001,        0.058468362062274
       22.869999999999997,        0.058465788183217
       22.960000000000001,        0.058455497252163
       23.049999999999997,        0.058437412392970
       23.140000000000001,        0.058411456729498
       23.229999999999997,        0.058377553385606
       23.320000000000000,        0.058335625485153
       23.410000000000000,        0.058285596151998
       23.500000000000000,        0.058227388510000
       23.590000000000000,        0.058160925683018
       23.680000000000000,        0.058086130794911
       23.770000000000000,        0.058002926969538
       23.859999999999999,        0.057911237330758
       23.949999999999999,        0.057810985002430
       24.039999999999999,        0.057702093108413
       24.129999999999999,        0.057584484772567
       24.219999999999999,        0.057458083118750
       24.309999999999999,        0.057322811270821
       24.399999999999999,        0.057178592352640
       24.490000000000002,        0.057025349488065
       24.579999999999998,        0.056863005800956
       24.670000000000002,        0.056691484415170
       24.759999999999998,        0.056510708454569
       24.850000000000001,        0.056320601043010
       24.939999999999998,        0.056121085304353
       25.030000000000001,        0.055953628499127
       25.119999999999997,        0.055864189021251
       25.210000000000001,        0.055771940667935
       25.299999999999997,        0.055676926623040
       25.390000000000001,        0.055579190070427
       25.479999999999997,        0.055478774193956
       25.570000000000000,        0.055375722177487
       25.660000000000000,        0.055270077204882
       25.750000000000000,        0.055161882460000
       25.840000000000000,        0.055051181126702
       25.930000000000000,        0.054938016388849
       26.020000000000000,        0.054822431430300
       26.109999999999999,        0.054704469434917
       26.199999999999999,        0.054584173586560
       26.289999999999999,        0.054461587069089
       26.379999999999999,        0.054336753066365
       26.469999999999999,        0.054209714762249
       26.559999999999999,        0.054080515340600
       26.649999999999999,        0.053949197985280
       26.739999999999998,        0.053815805880148
       26.829999999999998,        0.053680382209066
       26.919999999999998,        0.053542970155894
       27.009999999999998,        0.053403612904492
       27.099999999999998,        0.053262353638720
       27.189999999999998,        0.053119235542440
       27.280000000000001,        0.052974301799511
       27.370000000000001,        0.052827595593795
       27.460000000000001,        0.052679160109151
       27.550000000000001,        0.052529038529440
       27.640000000000001,        0.052377274038523
       27.730000000000000,        0.052223909820260
       27.820000000000000,        0.052068989058511
       27.910000000000000,        0.051912554937138
       28.000000000000000,        0.051754650640000
       28.090000000000000,        0.051595319350958
       28.180000000000000,        0.051434604253873
       28.270000000000000,        0.051272548532604
       28.359999999999999,        0.051109195371013
       28.449999999999999,        0.050944587952960
       28.539999999999999,        0.050778769462305
       28.629999999999999,        0.050611783082909
       28.719999999999999,        0.050443671998633
       28.809999999999999,        0.050274479393336
       28.899999999999999,        0.050104248450880
       28.989999999999998,        0.049933022355124
       29.079999999999998,        0.049760844289930
       29.169999999999998,        0.049587757439158
       29.259999999999998,        0.049413804986668
       29.349999999999998,        0.049239030116320
       29.439999999999998,        0.049063476011976
       29.529999999999998,        0.048887185857495
       29.620000000000001,        0.048710202836739
       29.710000000000001,        0.048532570133567
       29.800000000000001,        0.048354330931840
       29.890000000000001,        0.048175528415419
       29.980000000000000,        0.047996205768164
       30.070000000000000,        0.047862091895588
       30.160000000000000,        0.047743400867476
       30.250000000000000,        0.047627525020000
       30.340000000000000,        0.047514563451436
       30.430000000000000,        0.047404615260060
       30.520000000000000,        0.047297779544151
       30.609999999999999,        0.047194155401985
       30.699999999999999,        0.047093841931840
       30.789999999999999,        0.046996938231992
       30.879999999999999,        0.046903543400719
       30.969999999999999,        0.046813756536298
       31.059999999999999,        0.046727676737006
       31.149999999999999,        0.046645403101120
       31.239999999999998,        0.046567034726917
       31.329999999999998,        0.046492670712675
       31.419999999999998,        0.046422410156669
       31.509999999999998,        0.046356352157179
       31.599999999999998,        0.046294595812480
       31.689999999999998,        0.046237240220850
       31.779999999999998,        0.046184384480566
       31.869999999999997,        0.046136127689905
       31.960000000000001,        0.046092568947144
       32.049999999999997,        0.046053807350560
       32.140000000000001,        0.046019941998431
       32.230000000000004,        0.045991071989033
       32.320000000000000,        0.045967296420644
       32.409999999999997,        0.045948714391540
       32.500000000000000,        0.045935425000000
       32.590000000000003,        0.045927527344300
       32.680000000000000,        0.045925120522716
       32.769999999999996,        0.045928303633527
       32.859999999999999,        0.045937175775009
       32.950000000000003,        0.045951836045440
       33.039999999999999,        0.045972383543096
       33.129999999999995,        0.045998917366255
       33.219999999999999,        0.046031536613194
       33.310000000000002,        0.046070340382190
       33.399999999999999,        0.046115427771520
       33.489999999999995,        0.046166897879461
       33.579999999999998,        0.046224849804291
       33.670000000000002,        0.046289382644285
       33.759999999999998,        0.046360595497723
       33.849999999999994,        0.046438587462880
       33.939999999999998,        0.046523457638034
       34.030000000000001,        0.046615305121462
       34.119999999999997,        0.046714229011441
       34.210000000000001,        0.046820328406248
       34.299999999999997,        0.046933702404160
       34.390000000000001,        0.047054450103455
       34.480000000000004,        0.047182670602409
       34.570000000000000,        0.047318462999300
       34.659999999999997,        0.047461926392404
       34.750000000000000,        0.047613159880000
       34.840000000000003,        0.047772262560364
       34.930000000000000,        0.047939333531772
       35.019999999999996,        0.048100260366236
       35.109999999999999,        0.048217497357344
       35.200000000000003,        0.048339491636480
       35.289999999999999,        0.048466280511939
       35.379999999999995,        0.048597901292016
       35.469999999999999,        0.048734391285008
       35.560000000000002,        0.048875787799209
       35.649999999999999,        0.049022128142915
       35.739999999999995,        0.049173449624421
       35.829999999999998,        0.049329789552024
       35.920000000000002,        0.049491185234017
       36.009999999999998,        0.049657673978698
       36.099999999999994,        0.049829293094360
       36.189999999999998,        0.050006079889300
       36.280000000000001,        0.050188071671813
       36.369999999999997,        0.050375305750195
       36.459999999999994,        0.050567819432740
       36.549999999999997,        0.050765650027745
       36.640000000000001,        0.050968834843505
       36.730000000000004,        0.051177411188315
       36.820000000000000,        0.051391416370470
       36.909999999999997,        0.051610887698267
       37.000000000000000,        0.051835862480000
       37.090000000000003,        0.052066378023965
       37.180000000000000,        0.052302471638458
       37.269999999999996,        0.052544180631773
       37.359999999999999,        0.052791542312207
       37.450000000000003,        0.053044593988055
       37.539999999999999,        0.053303372967612
       37.629999999999995,        0.053567916559173
       37.719999999999999,        0.053838262071035
       37.810000000000002,        0.054114446811492
       37.899999999999999,        0.054396508088840
       37.989999999999995,        0.054684483211374
       38.079999999999998,        0.054978409487391
       38.170000000000002,        0.055278324225184
       38.259999999999998,        0.055584264733051
       38.349999999999994,        0.055896268319285
       38.439999999999998,        0.056214372292183
       38.530000000000001,        0.056538613960040
       38.619999999999997,        0.056869030631152
       38.709999999999994,        0.057205659613813
       38.799999999999997,        0.057548538216320
       38.890000000000001,        0.057897703746968
       38.980000000000004,        0.058253193514052
       39.070000000000000,        0.058615044825867
       39.159999999999997,        0.058983294990710
       39.250000000000000,        0.059357981316875
       39.340000000000003,        0.059739141112658
       39.430000000000000,        0.060126811686355
       39.519999999999996,        0.060521030346260
       39.609999999999999,        0.060921834400670
       39.700000000000003,        0.061329261157880
       39.789999999999999,        0.061743347926185
       39.879999999999995,        0.062164132013880
       39.969999999999999,        0.062591650729262
       40.060000000000002,        0.062945326082317
       40.149999999999999,        0.063260083262450
       40.239999999999995,        0.063575080650675
       40.329999999999998,        0.063890240104608
       40.420000000000002,        0.064205483481862
       40.509999999999998,        0.064520732640055
       40.599999999999994,        0.064835909436800
       40.689999999999998,        0.065150935729713
       40.780000000000001,        0.065465733376410
       40.869999999999997,        0.065780224234504
       40.959999999999994,        0.066094330161613
       41.049999999999997,        0.066407973015350
       41.140000000000001,        0.066721074653331
       41.230000000000004,        0.067033556933172
       41.320000000000000,        0.067345341712486
       41.409999999999997,        0.067656350848891
       41.500000000000000,        0.067966506200000
       41.590000000000003,        0.068275729623429
       41.680000000000000,        0.068583942976794
       41.769999999999996,        0.068891068117708
       41.859999999999999,        0.069197026903789
       41.950000000000003,        0.069501741192650
       42.039999999999999,        0.069805132841907
       42.129999999999995,        0.070107123709176
       42.219999999999999,        0.070407635652070
       42.310000000000002,        0.070706590528207
       42.399999999999999,        0.071003910195200
       42.490000000000002,        0.071299516510665
       42.579999999999998,        0.071593331332218
       42.670000000000002,        0.071885276517472
       42.759999999999998,        0.072175273924045
       42.850000000000001,        0.072463245409550
       42.939999999999998,        0.072749112831603
       43.030000000000001,        0.073032798047820
       43.119999999999997,        0.073314222915814
       43.210000000000001,        0.073593309293203
       43.299999999999997,        0.073869979037600
       43.390000000000001,        0.074144154006621
       43.479999999999997,        0.074415756057882
       43.570000000000000,        0.074684707048996
       43.659999999999997,        0.074950928837581
       43.750000000000000,        0.075214343281250
       43.839999999999996,        0.075474872237619
       43.930000000000000,        0.075732437564304
       44.019999999999996,        0.075986961118918
       44.109999999999999,        0.076238364759079
       44.199999999999996,        0.076486570342400
       44.289999999999999,        0.076731499726497
       44.379999999999995,        0.076973074768986
       44.469999999999999,        0.077211217327480
       44.560000000000002,        0.077445849259597
       44.649999999999999,        0.077676892422950
       44.740000000000002,        0.077904268675155
       44.829999999999998,        0.078127899873828
       44.920000000000002,        0.078347707876582
       45.009999999999998,        0.078558175588836
       45.100000000000001,        0.078719677344120
       45.189999999999998,        0.078874433348707
       45.280000000000001,        0.079022318022666
       45.369999999999997,        0.079163205786066
       45.460000000000001,        0.079296971058976
       45.549999999999997,        0.079423488261465
       45.640000000000001,        0.079542631813601
       45.729999999999997,        0.079654276135454
       45.820000000000000,        0.079758295647092
       45.909999999999997,        0.079854564768585
       46.000000000000000,        0.079942957920000
       46.089999999999996,        0.080023349521407
       46.180000000000000,        0.080095613992876
       46.269999999999996,        0.080159625754474
       46.359999999999999,        0.080215259226271
       46.449999999999996,        0.080262388828335
       46.539999999999999,        0.080300888980736
       46.629999999999995,        0.080330634103542
       46.719999999999999,        0.080351498616822
       46.809999999999995,        0.080363356940645
       46.899999999999999,        0.080366083495080
       46.990000000000002,        0.080359552700196
       47.079999999999998,        0.080343638976061
       47.170000000000002,        0.080318216742746
       47.259999999999998,        0.080283160420317
       47.350000000000001,        0.080238344428845
       47.439999999999998,        0.080183643188398
       47.530000000000001,        0.080118931119045
       47.619999999999997,        0.080044082640855
       47.710000000000001,        0.079958972173897
       47.799999999999997,        0.079863474138240
       47.890000000000001,        0.079757462953952
       47.979999999999997,        0.079640813041103
       48.070000000000000,        0.079513398819761
       48.159999999999997,        0.079375094709996
       48.250000000000000,        0.079225775131875
       48.339999999999996,        0.079065314505468
       48.430000000000000,        0.078893587250845
       48.519999999999996,        0.078710467788073
       48.609999999999999,        0.078515830537222
       48.699999999999996,        0.078309549918360
       48.789999999999999,        0.078091500351557
       48.879999999999995,        0.077861556256881
       48.969999999999999,        0.077619592054401
       49.059999999999995,        0.077365482164186
       49.149999999999999,        0.077099101006305
       49.240000000000002,        0.076820323000827
       49.329999999999998,        0.076529022567820
       49.420000000000002,        0.076225074127355
       49.509999999999998,        0.075908352099498
       49.600000000000001,        0.075578730904320
       49.689999999999998,        0.075236084961889
       49.780000000000001,        0.074880288692274
       49.869999999999997,        0.074511216515544
       49.960000000000001,        0.074128742851768
       50.049999999999997,        0.073782028990320
       50.140000000000001,        0.073464809315889
       50.229999999999997,        0.073138663217820
       50.320000000000000,        0.072803550069934
       50.409999999999997,        0.072459429246054
       50.500000000000000,        0.072106260120000
       50.589999999999996,        0.071744002065594
       50.680000000000000,        0.071372614456658
       50.769999999999996,        0.070992056667012
       50.859999999999999,        0.070602288070479
       50.949999999999996,        0.070203268040880
       51.039999999999999,        0.069794955952036
       51.129999999999995,        0.069377311177768
       51.219999999999999,        0.068950293091899
       51.309999999999995,        0.068513861068249
       51.399999999999999,        0.068067974480640
       51.490000000000002,        0.067612592702893
       51.579999999999998,        0.067147675108831
       51.670000000000002,        0.066673181072273
       51.759999999999998,        0.066189069967043
       51.850000000000001,        0.065695301166960
       51.939999999999998,        0.065191834045847
       52.030000000000001,        0.064678627977525
       52.119999999999997,        0.064155642335816
       52.210000000000001,        0.063622836494540
       52.299999999999997,        0.063080169827520
       52.390000000000001,        0.062527601708577
       52.479999999999997,        0.061965091511532
       52.570000000000000,        0.061392598610206
       52.659999999999997,        0.060810082378422
       52.750000000000000,        0.060217502190000
       52.839999999999996,        0.059614817418762
       52.930000000000000,        0.059001987438530
       53.019999999999996,        0.058378971623125
       53.109999999999999,        0.057745729346367
       53.199999999999996,        0.057102219982080
       53.289999999999999,        0.056448402904084
       53.379999999999995,        0.055784237486200
       53.469999999999999,        0.055109683102251
       53.559999999999995,        0.054424699126057
       53.649999999999999,        0.053729244931440
       53.739999999999995,        0.053023279892221
       53.829999999999998,        0.052306763382223
       53.920000000000002,        0.051579654775265
       54.009999999999998,        0.050841913445171
       54.100000000000001,        0.050093498765760
       54.189999999999998,        0.049334370110855
       54.280000000000001,        0.048564486854277
       54.369999999999997,        0.047783808369848
       54.460000000000001,        0.046992294031388
       54.549999999999997,        0.046189903212720
       54.640000000000001,        0.045376595287665
       54.729999999999997,        0.044552329630044
       54.820000000000000,        0.043717065613678
       54.909999999999997,        0.042870762612390
       55.000000000000000,        0.042013380000000
