                   Posisi,                    Waktu,                   Fungsi
        0.000000000000000,        0.000000000000000,        0.000000000000000
       10.000000000000000,        0.000000000000000,        0.500000000000000
       20.000000000000000,        0.000000000000000,        1.000000000000000
       30.000000000000000,        0.000000000000000,        0.875000000000000
       40.000000000000000,        0.000000000000000,        0.750000000000000
       50.000000000000000,        0.000000000000000,        0.625000000000000
       60.000000000000000,        0.000000000000000,        0.500000000000000
       70.000000000000000,        0.000000000000000,        0.375000000000000
       80.000000000000000,        0.000000000000000,        0.250000000000000
       90.000000000000000,        0.000000000000000,        0.125000000000000
      100.000000000000000,        0.000000000000000,        0.000000000000000
        0.000000000000000,        0.050000000000000,        0.000000000000000
       10.000000000000000,        0.050000000000000,        0.500000000000000
       20.000000000000000,        0.050000000000000,        0.921875000000000
       30.000000000000000,        0.050000000000000,        0.865234375000000
       40.000000000000000,        0.050000000000000,        0.748779296875000
       50.000000000000000,        0.050000000000000,        0.624847412109375
       60.000000000000000,        0.050000000000000,        0.499980926513672
       70.000000000000000,        0.050000000000000,        0.374997615814209
       80.000000000000000,        0.050000000000000,        0.249999701976776
       90.000000000000000,        0.050000000000000,        0.124999962747097
      100.000000000000000,        0.050000000000000,        0.000000000000000
        0.000000000000000,        0.100000000000000,        0.000000000000000
       10.000000000000000,        0.100000000000000,        0.490234375000000
       20.000000000000000,        0.100000000000000,        0.860839843750000
       30.000000000000000,        0.100000000000000,        0.850128173828125
       40.000000000000000,        0.100000000000000,        0.745956420898438
       50.000000000000000,        0.100000000000000,        0.624377727508545
       60.000000000000000,        0.100000000000000,        0.499907612800598
       70.000000000000000,        0.100000000000000,        0.374986626207829
       80.000000000000000,        0.100000000000000,        0.249998100101948
       90.000000000000000,        0.100000000000000,        0.124999734573066
      100.000000000000000,        0.100000000000000,        0.000000000000000
        0.000000000000000,        0.150000000000000,        0.000000000000000
       10.000000000000000,        0.150000000000000,        0.475280761718750
       20.000000000000000,        0.150000000000000,        0.811305999755859
       30.000000000000000,        0.150000000000000,        0.832253932952881
       40.000000000000000,        0.150000000000000,        0.741546273231506
       50.000000000000000,        0.150000000000000,        0.623465031385422
       60.000000000000000,        0.150000000000000,        0.499737166799605
       70.000000000000000,        0.150000000000000,        0.374956878018565
       80.000000000000000,        0.150000000000000,        0.249993151650415
       90.000000000000000,        0.150000000000000,        0.124998944886102
      100.000000000000000,        0.150000000000000,        0.000000000000000
        0.000000000000000,        0.200000000000000,        0.000000000000000
       10.000000000000000,        0.200000000000000,        0.457873821258545
       20.000000000000000,        0.200000000000000,        0.769745469093323
       30.000000000000000,        0.200000000000000,        0.813101917505264
       40.000000000000000,        0.200000000000000,        0.735730573534966
       50.000000000000000,        0.200000000000000,        0.622032241080888
       60.000000000000000,        0.200000000000000,        0.499426514987135
       70.000000000000000,        0.200000000000000,        0.374895116843618
       80.000000000000000,        0.200000000000000,        0.249981621454026
       90.000000000000000,        0.200000000000000,        0.124996911346329
      100.000000000000000,        0.200000000000000,        0.000000000000000
        0.000000000000000,        0.250000000000000,        0.000000000000000
       10.000000000000000,        0.250000000000000,        0.439623549580574
       20.000000000000000,        0.250000000000000,        0.733899785205722
       30.000000000000000,        0.250000000000000,        0.793530232971534
       40.000000000000000,        0.250000000000000,        0.728743239407777
       50.000000000000000,        0.250000000000000,        0.620045400110030
       60.000000000000000,        0.250000000000000,        0.498937450859557
       70.000000000000000,        0.250000000000000,        0.374786221671911
       80.000000000000000,        0.250000000000000,        0.249959107717800
       90.000000000000000,        0.250000000000000,        0.124992571974472
      100.000000000000000,        0.250000000000000,        0.000000000000000
        0.000000000000000,        0.300000000000000,        0.000000000000000
       10.000000000000000,        0.300000000000000,        0.421455135336146
       20.000000000000000,        0.300000000000000,        0.702298009942751
       30.000000000000000,        0.300000000000000,        0.774027830897467
       40.000000000000000,        0.300000000000000,        0.720816583431770
       50.000000000000000,        0.300000000000000,        0.617503304368938
       60.000000000000000,        0.300000000000000,        0.498239278899774
       70.000000000000000,        0.300000000000000,        0.374614464581130
       80.000000000000000,        0.300000000000000,        0.249920210357800
       90.000000000000000,        0.300000000000000,        0.124984455275579
      100.000000000000000,        0.300000000000000,        0.000000000000000
        0.000000000000000,        0.350000000000000,        0.000000000000000
       10.000000000000000,        0.350000000000000,        0.403878602744953
       20.000000000000000,        0.350000000000000,        0.673961811662366
       30.000000000000000,        0.350000000000000,        0.754868172559867
       40.000000000000000,        0.350000000000000,        0.712158872189928
       50.000000000000000,        0.350000000000000,        0.614427247162916
       60.000000000000000,        0.350000000000000,        0.497309673142837
       70.000000000000000,        0.350000000000000,        0.374364583873427
       80.000000000000000,        0.350000000000000,        0.249858787661976
       90.000000000000000,        0.350000000000000,        0.124970689914431
      100.000000000000000,        0.350000000000000,        0.000000000000000
        0.000000000000000,        0.400000000000000,        0.000000000000000
       10.000000000000000,        0.400000000000000,        0.387154178516511
       20.000000000000000,        0.400000000000000,        0.648224152631322
       30.000000000000000,        0.400000000000000,        0.736199007522556
       40.000000000000000,        0.400000000000000,        0.702947435978130
       50.000000000000000,        0.400000000000000,        0.610852574012308
       60.000000000000000,        0.400000000000000,        0.496134399592844
       70.000000000000000,        0.400000000000000,        0.374022586311923
       80.000000000000000,        0.400000000000000,        0.249768250274776
       90.000000000000000,        0.400000000000000,        0.124949048720170
      100.000000000000000,        0.400000000000000,        0.000000000000000
        0.000000000000000,        0.450000000000000,        0.000000000000000
       10.000000000000000,        0.450000000000000,        0.371393652966298
       20.000000000000000,        0.450000000000000,        0.624617197034598
       30.000000000000000,        0.450000000000000,        0.718094834768508
       40.000000000000000,        0.450000000000000,        0.693329003081200
       50.000000000000000,        0.450000000000000,        0.606822355843487
       60.000000000000000,        0.450000000000000,        0.494706417464059
       70.000000000000000,        0.450000000000000,        0.373576273201297
       80.000000000000000,        0.450000000000000,        0.249641852946265
       90.000000000000000,        0.450000000000000,        0.124917018158411
      100.000000000000000,        0.450000000000000,        0.000000000000000
        0.000000000000000,        0.500000000000000,        0.000000000000000
       10.000000000000000,        0.500000000000000,        0.356622389354048
       20.000000000000000,        0.500000000000000,        0.602802550791268
       30.000000000000000,        0.500000000000000,        0.700587570310440
       40.000000000000000,        0.500000000000000,        0.683422993080141
       50.000000000000000,        0.500000000000000,        0.602382943200640
       60.000000000000000,        0.500000000000000,        0.493024715148287
       70.000000000000000,        0.500000000000000,        0.373015525912792
       80.000000000000000,        0.500000000000000,        0.249472957718599
       90.000000000000000,        0.500000000000000,        0.124871883333633
      100.000000000000000,        0.500000000000000,        0.000000000000000
        0.000000000000000,        0.550000000000000,        0.000000000000000
       10.000000000000000,        0.550000000000000,        0.342817110864445
       20.000000000000000,        0.550000000000000,        0.582527498240312
       30.000000000000000,        0.550000000000000,        0.683684489147886
       40.000000000000000,        0.550000000000000,        0.673325673853671
       50.000000000000000,        0.550000000000000,        0.597581006025725
       60.000000000000000,        0.550000000000000,        0.491093102853529
       70.000000000000000,        0.550000000000000,        0.372332402006110
       80.000000000000000,        0.550000000000000,        0.249255253956417
       90.000000000000000,        0.550000000000000,        0.124810819244777
      100.000000000000000,        0.550000000000000,        0.000000000000000
        0.000000000000000,        0.600000000000000,        0.000000000000000
       10.000000000000000,        0.600000000000000,        0.329928770428373
       20.000000000000000,        0.600000000000000,        0.563597281127266
       30.000000000000000,        0.600000000000000,        0.667378736233532
       40.000000000000000,        0.600000000000000,        0.663114223172660
       50.000000000000000,        0.600000000000000,        0.592461670272567
       60.000000000000000,        0.600000000000000,        0.488919086174982
       70.000000000000000,        0.600000000000000,        0.371521094021007
       80.000000000000000,        0.600000000000000,        0.248982929625536
       90.000000000000000,        0.600000000000000,        0.124730980636775
      100.000000000000000,        0.600000000000000,        0.000000000000000
        0.000000000000000,        0.650000000000000,        0.000000000000000
       10.000000000000000,        0.650000000000000,        0.317896237962188
       20.000000000000000,        0.650000000000000,        0.545857332619915
       30.000000000000000,        0.650000000000000,        0.651655496649221
       40.000000000000000,        0.650000000000000,        0.652850313244719
       50.000000000000000,        0.650000000000000,        0.587067427631888
       60.000000000000000,        0.650000000000000,        0.486512879837848
       70.000000000000000,        0.650000000000000,        0.370577796698678
       80.000000000000000,        0.650000000000000,        0.248650794386084
       90.000000000000000,        0.650000000000000,        0.124629584775842
      100.000000000000000,        0.650000000000000,        0.000000000000000
        0.000000000000000,        0.700000000000000,        0.000000000000000
       10.000000000000000,        0.700000000000000,        0.306654345049130
       20.000000000000000,        0.700000000000000,        0.529181729677230
       30.000000000000000,        0.700000000000000,        0.636495627852159
       40.000000000000000,        0.700000000000000,        0.642583116869045
       50.000000000000000,        0.700000000000000,        0.581437570312278
       60.000000000000000,        0.700000000000000,        0.483886580754756
       70.000000000000000,        0.700000000000000,        0.369500519416614
       80.000000000000000,        0.700000000000000,        0.248254358813620
       90.000000000000000,        0.700000000000000,        0.124503983433584
      100.000000000000000,        0.700000000000000,        0.000000000000000
        0.000000000000000,        0.750000000000000,        0.000000000000000
       10.000000000000000,        0.750000000000000,        0.296138474996501
       20.000000000000000,        0.750000000000000,        0.513465560114005
       30.000000000000000,        0.750000000000000,        0.621877805512001
       40.000000000000000,        0.750000000000000,        0.632351759629818
       50.000000000000000,        0.750000000000000,        0.575607970282280
       60.000000000000000,        0.750000000000000,        0.481053496778428
       70.000000000000000,        0.750000000000000,        0.368288871511466
       80.000000000000000,        0.750000000000000,        0.247789875978346
       90.000000000000000,        0.750000000000000,        0.124351722072481
      100.000000000000000,        0.750000000000000,        0.000000000000000
        0.000000000000000,        0.800000000000000,        0.000000000000000
       10.000000000000000,        0.800000000000000,        0.286287051261627
       20.000000000000000,        0.800000000000000,        0.498619777182207
       30.000000000000000,        0.800000000000000,        0.607779796235504
       40.000000000000000,        0.800000000000000,        0.622187290537087
       50.000000000000000,        0.800000000000000,        0.569611076126149
       60.000000000000000,        0.800000000000000,        0.478027616038523
       70.000000000000000,        0.800000000000000,        0.366943840135708
       80.000000000000000,        0.800000000000000,        0.247254352259783
       90.000000000000000,        0.800000000000000,        0.124170585586834
      100.000000000000000,        0.800000000000000,        0.000000000000000
        0.000000000000000,        0.850000000000000,        0.000000000000000
       10.000000000000000,        0.850000000000000,        0.277042760593996
       20.000000000000000,        0.850000000000000,        0.484567652490343
       30.000000000000000,        0.850000000000000,        0.594179215055056
       40.000000000000000,        0.850000000000000,        0.612114254300466
       50.000000000000000,        0.850000000000000,        0.563476040886986
       60.000000000000000,        0.850000000000000,        0.474823197156729
       70.000000000000000,        0.850000000000000,        0.365467573778845
       80.000000000000000,        0.850000000000000,        0.246645534115547
       90.000000000000000,        0.850000000000000,        0.123958630954569
      100.000000000000000,        0.850000000000000,        0.000000000000000
        0.000000000000000,        0.900000000000000,        0.000000000000000
       10.000000000000000,        0.900000000000000,        0.268353027006790
       20.000000000000000,        0.900000000000000,        0.471242269625488
       30.000000000000000,        0.900000000000000,        0.581053976782037
       40.000000000000000,        0.900000000000000,        0.602151942933977
       50.000000000000000,        0.900000000000000,        0.557228923176578
       60.000000000000000,        0.900000000000000,        0.471454459986975
       70.000000000000000,        0.900000000000000,        0.363863179596949
       80.000000000000000,        0.900000000000000,        0.245961876905600
       90.000000000000000,        0.900000000000000,        0.123714207829126
      100.000000000000000,        0.900000000000000,        0.000000000000000
        0.000000000000000,        0.950000000000000,        0.000000000000000
       10.000000000000000,        0.950000000000000,        0.260170053958278
       20.000000000000000,        0.950000000000000,        0.458584706061655
       30.000000000000000,        0.950000000000000,        0.568382563710981
       40.000000000000000,        0.950000000000000,        0.592315393061428
       50.000000000000000,        0.950000000000000,        0.550892924013483
       60.000000000000000,        0.950000000000000,        0.467935357941535
       70.000000000000000,        0.950000000000000,        0.362134539053604
       80.000000000000000,        0.950000000000000,        0.245202501039541
       90.000000000000000,        0.950000000000000,        0.123435968501788
      100.000000000000000,        0.950000000000000,        0.000000000000000
        0.000000000000000,        1.000000000000000,        0.000000000000000
       10.000000000000000,        1.000000000000000,        0.252450628726416
       20.000000000000000,        1.000000000000000,        0.446542678600916
       30.000000000000000,        1.000000000000000,        0.556144181741029
       40.000000000000000,        1.000000000000000,        0.582616183015385
       50.000000000000000,        1.000000000000000,        0.544488635629728
       60.000000000000000,        1.000000000000000,        0.464279415291568
       70.000000000000000,        1.000000000000000,        0.360286143831592
       80.000000000000000,        1.000000000000000,        0.244367139821328
       90.000000000000000,        1.000000000000000,        0.123122868854007
      100.000000000000000,        1.000000000000000,        0.000000000000000
        0.000000000000000,        1.050000000000000,        0.000000000000000
       10.000000000000000,        1.050000000000000,        0.245155806369926
       20.000000000000000,        1.050000000000000,        0.435069507464556
       30.000000000000000,        1.050000000000000,        0.544318847615764
       40.000000000000000,        1.050000000000000,        0.573063072667225
       50.000000000000000,        1.050000000000000,        0.538034287717145
       60.000000000000000,        1.050000000000000,        0.460499615412268
       70.000000000000000,        1.050000000000000,        0.358322952277893
       80.000000000000000,        1.050000000000000,        0.243456082507484
       90.000000000000000,        1.050000000000000,        0.122774161953941
      100.000000000000000,        1.050000000000000,        0.000000000000000
        0.000000000000000,        1.100000000000000,        0.000000000000000
       10.000000000000000,        1.100000000000000,        0.238250543210514
       20.000000000000000,        1.100000000000000,        0.424123304451702
       30.000000000000000,        1.100000000000000,        0.532887432851689
       40.000000000000000,        1.100000000000000,        0.563662519571523
       50.000000000000000,        1.100000000000000,        0.531545982660832
       60.000000000000000,        1.100000000000000,        0.456608328426542
       70.000000000000000,        1.100000000000000,        0.356250265575173
       80.000000000000000,        1.100000000000000,        0.242470115321752
       90.000000000000000,        1.100000000000000,        0.122389385880674
      100.000000000000000,        1.100000000000000,        0.000000000000000
        0.000000000000000,        1.150000000000000,        0.000000000000000
       10.000000000000000,        1.150000000000000,        0.231703320464348
       20.000000000000000,        1.150000000000000,        0.413666322503281
       30.000000000000000,        1.150000000000000,        0.521831679898117
       40.000000000000000,        1.150000000000000,        0.554419097498511
       50.000000000000000,        1.150000000000000,        0.525037915236256
       60.000000000000000,        1.150000000000000,        0.452617268921335
       70.000000000000000,        1.150000000000000,        0.354073622211766
       80.000000000000000,        1.150000000000000,        0.241410462502869
       90.000000000000000,        1.150000000000000,        0.121968347223364
      100.000000000000000,        1.150000000000000,        0.000000000000000
        0.000000000000000,        1.200000000000000,        0.000000000000000
       10.000000000000000,        1.200000000000000,        0.225485780661171
       20.000000000000000,        1.200000000000000,        0.403664424447372
       30.000000000000000,        1.200000000000000,        0.511134200166823
       40.000000000000000,        1.200000000000000,        0.545335837549268
       50.000000000000000,        1.200000000000000,        0.518522574736017
       60.000000000000000,        1.200000000000000,        0.448537476309474
       70.000000000000000,        1.200000000000000,        0.351798709010367
       80.000000000000000,        1.200000000000000,        0.240278728906368
       90.000000000000000,        1.200000000000000,        0.121511101530819
      100.000000000000000,        1.200000000000000,        0.000000000000000
        0.000000000000000,        1.250000000000000,        0.000000000000000
       10.000000000000000,        1.250000000000000,        0.219572388551800
       20.000000000000000,        1.250000000000000,        0.394086641925357
       30.000000000000000,        1.250000000000000,        0.500778460059446
       40.000000000000000,        1.250000000000000,        0.536414507511384
       50.000000000000000,        1.250000000000000,        0.512010929029620
       60.000000000000000,        1.250000000000000,        0.444379311987104
       70.000000000000000,        1.250000000000000,        0.349431286869459
       80.000000000000000,        1.250000000000000,        0.239076845229811
       90.000000000000000,        1.250000000000000,        0.121017931801841
      100.000000000000000,        1.250000000000000,        0.000000000000000
        0.000000000000000,        1.300000000000000,        0.000000000000000
       10.000000000000000,        1.300000000000000,        0.213940121654520
       20.000000000000000,        1.300000000000000,        0.384904804158263
       30.000000000000000,        1.300000000000000,        0.490748759003290
       40.000000000000000,        1.300000000000000,        0.527655841637652
       50.000000000000000,        1.300000000000000,        0.505512590975310
       60.000000000000000,        1.300000000000000,        0.440152468720924
       70.000000000000000,        1.300000000000000,        0.346977129395936
       80.000000000000000,        1.300000000000000,        0.237807016572080
       90.000000000000000,        1.300000000000000,        0.120489325922891
      100.000000000000000,        1.300000000000000,        0.000000000000000
        0.000000000000000,        1.350000000000000,        0.000000000000000
       10.000000000000000,        1.350000000000000,        0.208568191760673
       20.000000000000000,        1.350000000000000,        0.376093221964193
       30.000000000000000,        1.350000000000000,        0.481030202202698
       40.000000000000000,        1.350000000000000,        0.519059730375490
       50.000000000000000,        1.350000000000000,        0.499035968118534
       60.000000000000000,        1.350000000000000,        0.435865988730002
       70.000000000000000,        1.350000000000000,        0.344441972709713
       80.000000000000000,        1.350000000000000,        0.236471674758136
       90.000000000000000,        1.350000000000000,        0.119925953786935
      100.000000000000000,        1.350000000000000,        0.000000000000000
        0.000000000000000,        1.400000000000000,        0.000000000000000
       10.000000000000000,        1.400000000000000,        0.203437796566029
       20.000000000000000,        1.400000000000000,        0.367628416319236
       30.000000000000000,        1.400000000000000,        0.471608669988864
       40.000000000000000,        1.400000000000000,        0.510625377545042
       50.000000000000000,        1.400000000000000,        0.492588396873281
       60.000000000000000,        1.400000000000000,        0.431528287745376
       70.000000000000000,        1.400000000000000,        0.341831474845223
       80.000000000000000,        1.400000000000000,        0.235073434647622
       90.000000000000000,        1.400000000000000,        0.119328644671154
      100.000000000000000,        1.400000000000000,        0.000000000000000
        0.000000000000000,        1.450000000000000,        0.000000000000000
       10.000000000000000,        1.450000000000000,        0.198531899464426
       20.000000000000000,        1.450000000000000,        0.359488883421088
       30.000000000000000,        1.450000000000000,        0.462470785112414
       40.000000000000000,        1.450000000000000,        0.502351430906994
       50.000000000000000,        1.450000000000000,        0.486176262486507
       60.000000000000000,        1.450000000000000,        0.427147182975498
       70.000000000000000,        1.450000000000000,        0.339151183336807
       80.000000000000000,        1.450000000000000,        0.233615054486711
       90.000000000000000,        1.450000000000000,        0.118698365314204
      100.000000000000000,        1.450000000000000,        0.000000000000000
        0.000000000000000,        1.500000000000000,        0.000000000000000
       10.000000000000000,        1.500000000000000,        0.193835035025955
       20.000000000000000,        1.500000000000000,        0.351654890083112
       30.000000000000000,        1.500000000000000,        0.453603878958074
       40.000000000000000,        1.500000000000000,        0.494236090860818
       50.000000000000000,        1.500000000000000,        0.479805106094420
       60.000000000000000,        1.500000000000000,        0.422729923410527
       70.000000000000000,        1.500000000000000,        0.336406509739760
       80.000000000000000,        1.500000000000000,        0.232099400246779
       90.000000000000000,        1.500000000000000,        0.118036199016501
      100.000000000000000,        1.500000000000000,        0.000000000000000
        0.000000000000000,        1.550000000000000,        0.000000000000000
       10.000000000000000,        1.550000000000000,        0.189333137529856
       20.000000000000000,        1.550000000000000,        0.344108294623325
       30.000000000000000,        1.550000000000000,        0.444995957404073
       40.000000000000000,        1.550000000000000,        0.486277201082925
       50.000000000000000,        1.550000000000000,        0.473479720132496
       60.000000000000000,        1.550000000000000,        0.418283221291927
       70.000000000000000,        1.550000000000000,        0.333602709997159
       80.000000000000000,        1.550000000000000,        0.230529413811792
       90.000000000000000,        1.550000000000000,        0.117343325988850
      100.000000000000000,        1.550000000000000,        0.000000000000000
        0.000000000000000,        1.600000000000000,        0.000000000000000
       10.000000000000000,        1.600000000000000,        0.185013389975307
       20.000000000000000,        1.600000000000000,        0.336832389389917
       30.000000000000000,        1.600000000000000,        0.436635666862160
       40.000000000000000,        1.600000000000000,        0.478472324186526
       50.000000000000000,        1.600000000000000,        0.467204233284179
       60.000000000000000,        1.600000000000000,        0.413813283879113
       70.000000000000000,        1.600000000000000,        0.330744869709232
       80.000000000000000,        1.600000000000000,        0.228908084821104
       90.000000000000000,        1.600000000000000,        0.116621005094275
      100.000000000000000,        1.600000000000000,        0.000000000000000
        0.000000000000000,        1.650000000000000,        0.000000000000000
       10.000000000000000,        1.650000000000000,        0.180864091155220
       20.000000000000000,        1.650000000000000,        0.329811761794610
       30.000000000000000,        1.650000000000000,        0.428512260894262
       40.000000000000000,        1.650000000000000,        0.470818804912199
       50.000000000000000,        1.650000000000000,        0.460982186062048
       60.000000000000000,        1.650000000000000,        0.409325844880744
       70.000000000000000,        1.650000000000000,        0.327837893494655
       80.000000000000000,        1.650000000000000,        0.227238425939444
       90.000000000000000,        1.650000000000000,        0.115870557063137
      100.000000000000000,        1.650000000000000,        0.000000000000000
        0.000000000000000,        1.700000000000000,        0.000000000000000
       10.000000000000000,        1.700000000000000,        0.176874538590741
       20.000000000000000,        1.700000000000000,        0.323032171281583
       30.000000000000000,        1.700000000000000,        0.420615567694919
       40.000000000000000,        1.700000000000000,        0.463313822903770
       50.000000000000000,        1.700000000000000,        0.454816598019600
       60.000000000000000,        1.700000000000000,        0.404826195099840
       70.000000000000000,        1.700000000000000,        0.324886497750902
       80.000000000000000,        1.700000000000000,        0.225523451306338
       90.000000000000000,        1.700000000000000,        0.115093349210645
      100.000000000000000,        1.700000000000000,        0.000000000000000
        0.000000000000000,        1.750000000000000,        0.000000000000000
       10.000000000000000,        1.750000000000000,        0.173034925353254
       20.000000000000000,        1.750000000000000,        0.316480440092209
       30.000000000000000,        1.750000000000000,        0.412935958645687
       40.000000000000000,        1.750000000000000,        0.455954436760989
       50.000000000000000,        1.750000000000000,        0.448710027497304
       60.000000000000000,        1.750000000000000,        0.400319211980906
       70.000000000000000,        1.750000000000000,        0.321895206224082
       80.000000000000000,        1.750000000000000,        0.223766157909094
       90.000000000000000,        1.750000000000000,        0.114290781646620
      100.000000000000000,        1.750000000000000,        0.000000000000000
        0.000000000000000,        1.800000000000000,        0.000000000000000
       10.000000000000000,        1.800000000000000,        0.169336249026467
       20.000000000000000,        1.800000000000000,        0.310144356028176
       30.000000000000000,        1.800000000000000,        0.405464318082911
       40.000000000000000,        1.800000000000000,        0.448737620768268
       50.000000000000000,        1.800000000000000,        0.442664624716625
       60.000000000000000,        1.800000000000000,        0.395809387853268
       70.000000000000000,        1.800000000000000,        0.318868347888357
       80.000000000000000,        1.800000000000000,        0.221969509623693
       90.000000000000000,        1.800000000000000,        0.113464274937927
      100.000000000000000,        1.800000000000000,        0.000000000000000
        0.000000000000000,        1.850000000000000,        0.000000000000000
       10.000000000000000,        1.850000000000000,        0.165770231273372
       20.000000000000000,        1.850000000000000,        0.304012585690667
       30.000000000000000,        1.850000000000000,        0.398192014369550
       40.000000000000000,        1.850000000000000,        0.441660295461973
       50.000000000000000,        1.850000000000000,        0.436682178951874
       60.000000000000000,        1.850000000000000,        0.391300856744980
       70.000000000000000,        1.850000000000000,        0.315810056712352
       80.000000000000000,        1.850000000000000,        0.220136423674055
       90.000000000000000,        1.850000000000000,        0.112615259162702
      100.000000000000000,        1.850000000000000,        0.000000000000000
        0.000000000000000,        1.900000000000000,        0.000000000000000
       10.000000000000000,        1.900000000000000,        0.162329246666362
       20.000000000000000,        1.900000000000000,        0.298074596897489
       30.000000000000000,        1.900000000000000,        0.391110872322095
       40.000000000000000,        1.900000000000000,        0.434719353005726
       50.000000000000000,        1.900000000000000,        0.430764160432743
       60.000000000000000,        1.900000000000000,        0.386797419701872
       70.000000000000000,        1.900000000000000,        0.312724272956254
       80.000000000000000,        1.900000000000000,        0.218269759270410
       90.000000000000000,        1.900000000000000,        0.111745164280828
      100.000000000000000,        1.900000000000000,        0.000000000000000
        0.000000000000000,        1.950000000000000,        0.000000000000000
       10.000000000000000,        1.950000000000000,        0.159006259611958
       20.000000000000000,        1.950000000000000,        0.292320589164874
       30.000000000000000,        1.950000000000000,        0.384213147012897
       40.000000000000000,        1.950000000000000,        0.427911678185000
       50.000000000000000,        1.950000000000000,        0.424911757560416
       60.000000000000000,        1.950000000000000,        0.382302568590988
       70.000000000000000,        1.950000000000000,        0.309614745699866
       80.000000000000000,        1.950000000000000,        0.216372308200395
       90.000000000000000,        1.950000000000000,        0.110855411735670
      100.000000000000000,        1.950000000000000,        0.000000000000000
        0.000000000000000,        2.000000000000000,        0.000000000000000
       10.000000000000000,        2.000000000000000,        0.155794768354578
       20.000000000000000,        2.000000000000000,        0.286741431294590
       30.000000000000000,        2.000000000000000,        0.377491498944621
       40.000000000000000,        2.000000000000000,        0.421234165701879
       50.000000000000000,        2.000000000000000,        0.419125909956921
       60.000000000000000,        2.000000000000000,        0.377819508400339
       70.000000000000000,        2.000000000000000,        0.306485036349991
       80.000000000000000,        2.000000000000000,        0.214446787161004
       90.000000000000000,        2.000000000000000,        0.109947407196878
      100.000000000000000,        2.000000000000000,        0.000000000000000
        0.000000000000000,        2.050000000000000,        0.000000000000000
       10.000000000000000,        2.050000000000000,        0.152688755177757
       20.000000000000000,        2.050000000000000,        0.281328605236239
       30.000000000000000,        2.050000000000000,        0.370938970575731
       40.000000000000000,        2.050000000000000,        0.414683734342991
       50.000000000000000,        2.050000000000000,        0.413407337810607
       60.000000000000000,        2.050000000000000,        0.373351178070329
       70.000000000000000,        2.050000000000000,        0.303338522916410
       80.000000000000000,        2.050000000000000,        0.212495831634914
       90.000000000000000,        2.050000000000000,        0.109022534352023
      100.000000000000000,        2.050000000000000,        0.000000000000000
        0.000000000000000,        2.100000000000000,        0.000000000000000
       10.000000000000000,        2.100000000000000,        0.149682642037848
       20.000000000000000,        2.100000000000000,        0.276074155503877
       30.000000000000000,        2.100000000000000,        0.364548964162656
       40.000000000000000,        2.100000000000000,        0.408257338503901
       50.000000000000000,        2.100000000000000,        0.407756567929734
       60.000000000000000,        2.100000000000000,        0.368900269908515
       70.000000000000000,        2.100000000000000,        0.300178404880236
       80.000000000000000,        2.100000000000000,        0.210521991130218
       90.000000000000000,        2.100000000000000,        0.108082149655294
      100.000000000000000,        2.100000000000000,        0.000000000000000
        0.000000000000000,        2.150000000000000,        0.000000000000000
       10.000000000000000,        2.150000000000000,        0.146771250966370
       20.000000000000000,        2.150000000000000,        0.270970643519036
       30.000000000000000,        2.150000000000000,        0.358315220874860
       40.000000000000000,        2.150000000000000,        0.401951977478500
       50.000000000000000,        2.150000000000000,        0.402173956870677
       60.000000000000000,        2.150000000000000,        0.364469247650250
       70.000000000000000,        2.150000000000000,        0.297007708507735
       80.000000000000000,        2.150000000000000,        0.208527725618042
       90.000000000000000,        2.150000000000000,        0.107127577943726
      100.000000000000000,        2.150000000000000,        0.000000000000000
        0.000000000000000,        2.200000000000000,        0.000000000000000
       10.000000000000000,        2.200000000000000,        0.143949768664657
       20.000000000000000,        2.200000000000000,        0.266011106331717
       30.000000000000000,        2.200000000000000,        0.352231801132422
       40.000000000000000,        2.200000000000000,        0.395764702859262
       50.000000000000000,        2.200000000000000,        0.396659711466697
       60.000000000000000,        2.200000000000000,        0.360060363234492
       70.000000000000000,        2.200000000000000,        0.293829292487368
       80.000000000000000,        2.200000000000000,        0.206515403017418
       90.000000000000000,        2.200000000000000,        0.106160108834972
      100.000000000000000,        2.200000000000000,        0.000000000000000
        0.000000000000000,        2.250000000000000,        0.000000000000000
       10.000000000000000,        2.250000000000000,        0.141213714789958
       20.000000000000000,        2.250000000000000,        0.261189019239085
       30.000000000000000,        2.250000000000000,        0.346293066111610
       40.000000000000000,        2.250000000000000,        0.389692624341735
       50.000000000000000,        2.250000000000000,        0.391213907047051
       60.000000000000000,        2.250000000000000,        0.355675672367671
       70.000000000000000,        2.250000000000000,        0.290645853788662
       80.000000000000000,        2.250000000000000,        0.204487297591018
       90.000000000000000,        2.250000000000000,        0.105180993825106
      100.000000000000000,        2.250000000000000,        0.000000000000000
        0.000000000000000,        2.300000000000000,        0.000000000000000
       10.000000000000000,        2.300000000000000,        0.138558913497354
       20.000000000000000,        2.300000000000000,        0.256498261880434
       30.000000000000000,        2.300000000000000,        0.340493660361478
       40.000000000000000,        2.300000000000000,        0.383732914182368
       50.000000000000000,        2.300000000000000,        0.385836503604043
       60.000000000000000,        2.300000000000000,        0.351317048949842
       70.000000000000000,        2.300000000000000,        0.287459933659104
       80.000000000000000,        2.300000000000000,        0.202445589128790
       90.000000000000000,        2.300000000000000,        0.104191444009928
      100.000000000000000,        2.300000000000000,        0.000000000000000
        0.000000000000000,        2.350000000000000,        0.000000000000000
       10.000000000000000,        2.350000000000000,        0.135981467858070
       20.000000000000000,        2.350000000000000,        0.251933087437769
       30.000000000000000,        2.350000000000000,        0.334828495473626
       40.000000000000000,        2.350000000000000,        0.377882810521484
       50.000000000000000,        2.350000000000000,        0.380527360136948
       60.000000000000000,        2.350000000000000,        0.346986198436888
       70.000000000000000,        2.350000000000000,        0.284273923690038
       80.000000000000000,        2.350000000000000,        0.200392362809088
       90.000000000000000,        2.350000000000000,        0.103192628358582
      100.000000000000000,        2.350000000000000,        0.000000000000000
        0.000000000000000,        2.400000000000000,        0.000000000000000
       10.000000000000000,        2.400000000000000,        0.133477736823273
       20.000000000000000,        2.400000000000000,        0.247488094615439
       30.000000000000000,        2.400000000000000,        0.329292734747335
       40.000000000000000,        2.400000000000000,        0.372139619751649
       50.000000000000000,        2.400000000000000,        0.375286247376278
       60.000000000000000,        2.400000000000000,        0.342684670210955
       70.000000000000000,        2.400000000000000,        0.281090071895034
       80.000000000000000,        2.400000000000000,        0.198329609638518
       90.000000000000000,        2.400000000000000,        0.102185672473751
      100.000000000000000,        2.400000000000000,        0.000000000000000
        0.000000000000000,        2.450000000000000,        0.000000000000000
       10.000000000000000,        2.450000000000000,        0.131044314444385
       20.000000000000000,        2.450000000000000,        0.243158202110544
       30.000000000000000,        2.450000000000000,        0.323881778793275
       40.000000000000000,        2.450000000000000,        0.366500718084931
       50.000000000000000,        2.450000000000000,        0.370112859069194
       60.000000000000000,        2.450000000000000,        0.338413869028745
       70.000000000000000,        2.450000000000000,        0.277910488754683
       80.000000000000000,        2.450000000000000,        0.196259227382443
       90.000000000000000,        2.450000000000000,        0.101171657778119
      100.000000000000000,        2.450000000000000,        0.000000000000000
        0.000000000000000,        2.500000000000000,        0.000000000000000
       10.000000000000000,        2.500000000000000,        0.128678011097107
       20.000000000000000,        2.500000000000000,        0.238938625319206
       30.000000000000000,        2.500000000000000,        0.318591252020474
       40.000000000000000,        2.500000000000000,        0.360963552449906
       50.000000000000000,        2.500000000000000,        0.365006821986727
       60.000000000000000,        2.500000000000000,        0.334175065614235
       70.000000000000000,        2.500000000000000,        0.274737153190597
       80.000000000000000,        2.500000000000000,        0.194183021907922
       90.000000000000000,        2.500000000000000,        0.100151621072079
      100.000000000000000,        2.500000000000000,        0.000000000000000
        0.000000000000000,        2.550000000000000,        0.000000000000000
       10.000000000000000,        2.550000000000000,        0.126375836487731
       20.000000000000000,        2.550000000000000,        0.234824855052930
       30.000000000000000,        2.550000000000000,        0.313416989953210
       40.000000000000000,        2.550000000000000,        0.355525640829922
       50.000000000000000,        2.550000000000000,        0.359967704795565
       60.000000000000000,        2.550000000000000,        0.329969406458947
       70.000000000000000,        2.550000000000000,        0.271571918438806
       80.000000000000000,        2.550000000000000,        0.192102708869802
       90.000000000000000,        2.550000000000000,        0.099126554412785
      100.000000000000000,        2.550000000000000,        0.000000000000000
        0.000000000000000,        2.600000000000000,        0.000000000000000
       10.000000000000000,        2.600000000000000,        0.124134984247414
       20.000000000000000,        2.600000000000000,        0.230812638064776
       30.000000000000000,        2.600000000000000,        0.308355027326744
       40.000000000000000,        2.600000000000000,        0.350184572137730
       50.000000000000000,        2.600000000000000,        0.354995025921258
       60.000000000000000,        2.600000000000000,        0.325797922889218
       70.000000000000000,        2.600000000000000,        0.268416517798982
       80.000000000000000,        2.600000000000000,        0.190019915678822
       90.000000000000000,        2.600000000000000,        0.098097405269441
      100.000000000000000,        2.600000000000000,        0.000000000000000
        0.000000000000000,        2.650000000000000,        0.000000000000000
       10.000000000000000,        2.650000000000000,        0.121952817943658
       20.000000000000000,        2.650000000000000,        0.226897959207382
       30.000000000000000,        2.650000000000000,        0.303401586913197
       40.000000000000000,        2.650000000000000,        0.344938005707605
       50.000000000000000,        2.650000000000000,        0.350088260515547
       60.000000000000000,        2.650000000000000,        0.321661539456230
       70.000000000000000,        2.650000000000000,        0.265272570241118
       80.000000000000000,        2.650000000000000,        0.187936183697937
       90.000000000000000,        2.650000000000000,        0.097065076914323
      100.000000000000000,        2.650000000000000,        0.000000000000000
        0.000000000000000,        2.700000000000000,        0.000000000000000
       10.000000000000000,        2.700000000000000,        0.119826858358666
       20.000000000000000,        2.700000000000000,        0.223077025064519
       30.000000000000000,        2.700000000000000,        0.298553069031413
       40.000000000000000,        2.700000000000000,        0.339783670474073
       50.000000000000000,        2.700000000000000,        0.345246846627948
       60.000000000000000,        2.700000000000000,        0.317561081700805
       70.000000000000000,        2.700000000000000,        0.262141585855681
       80.000000000000000,        2.700000000000000,        0.185852970619703
       90.000000000000000,        2.700000000000000,        0.096030429013205
      100.000000000000000,        2.700000000000000,        0.000000000000000
        0.000000000000000,        2.750000000000000,        0.000000000000000
       10.000000000000000,        2.750000000000000,        0.117754771902064
       20.000000000000000,        2.750000000000000,        0.219346248915074
       30.000000000000000,        2.750000000000000,        0.293806041697204
       40.000000000000000,        2.750000000000000,        0.334719363896199
       50.000000000000000,        2.750000000000000,        0.340470190670586
       60.000000000000000,        2.750000000000000,        0.313497283341388
       70.000000000000000,        2.750000000000000,        0.259024971136897
       80.000000000000000,        2.750000000000000,        0.183771652983540
       90.000000000000000,        2.750000000000000,        0.094994278382846
      100.000000000000000,        2.750000000000000,        0.000000000000000
        0.000000000000000,        2.800000000000000,        0.000000000000000
       10.000000000000000,        2.800000000000000,        0.115734360040933
       20.000000000000000,        2.800000000000000,        0.215702236903573
       30.000000000000000,        2.800000000000000,        0.289157231372874
       40.000000000000000,        2.800000000000000,        0.329742950677582
       50.000000000000000,        2.800000000000000,        0.335757672255311
       60.000000000000000,        2.800000000000000,        0.309470792930067
       70.000000000000000,        2.800000000000000,        0.255924034091874
       80.000000000000000,        2.800000000000000,        0.181693528796995
       90.000000000000000,        2.800000000000000,        0.093957399886759
      100.000000000000000,        2.800000000000000,        0.000000000000000
        0.000000000000000,        2.850000000000000,        0.000000000000000
       10.000000000000000,        2.850000000000000,        0.113763549643646
       20.000000000000000,        2.850000000000000,        0.212141775304745
       30.000000000000000,        2.850000000000000,        0.284603514277446
       40.000000000000000,        2.850000000000000,        0.324852361324781
       50.000000000000000,        2.850000000000000,        0.331108648473339
       60.000000000000000,        2.850000000000000,        0.305482180018202
       70.000000000000000,        2.850000000000000,        0.252839989170805
       80.000000000000000,        2.850000000000000,        0.179619820229942
       90.000000000000000,        2.850000000000000,        0.092920527443812
      100.000000000000000,        2.850000000000000,        0.000000000000000
        0.000000000000000,        2.900000000000000,        0.000000000000000
       10.000000000000000,        2.900000000000000,        0.111840384145828
       20.000000000000000,        2.900000000000000,        0.208661818781468
       30.000000000000000,        2.900000000000000,        0.280141908221366
       40.000000000000000,        2.900000000000000,        0.320045590580424
       50.000000000000000,        2.900000000000000,        0.326522457679833
       60.000000000000000,        2.900000000000000,        0.301531940869981
       70.000000000000000,        2.900000000000000,        0.249773962015594
       80.000000000000000,        2.900000000000000,        0.177551676354882
       90.000000000000000,        2.900000000000000,        0.091884355127219
      100.000000000000000,        2.900000000000000,        0.000000000000000
        0.000000000000000,        2.950000000000000,        0.000000000000000
       10.000000000000000,        2.950000000000000,        0.109963015457054
       20.000000000000000,        2.950000000000000,        0.205259479545903
       30.000000000000000,        2.950000000000000,        0.275769564931815
       40.000000000000000,        2.950000000000000,        0.315320695761774
       50.000000000000000,        2.950000000000000,        0.321998422838844
       60.000000000000000,        2.950000000000000,        0.297620503759290
       70.000000000000000,        2.950000000000000,        0.246726994025967
       80.000000000000000,        2.950000000000000,        0.175490175910310
       90.000000000000000,        2.950000000000000,        0.090849538334203
      100.000000000000000,        2.950000000000000,        0.000000000000000
        0.000000000000000,        3.000000000000000,        0.000000000000000
       10.000000000000000,        3.000000000000000,        0.108129696536029
       20.000000000000000,        3.000000000000000,        0.201932017342908
       30.000000000000000,        3.000000000000000,        0.271483762836947
       40.000000000000000,        3.000000000000000,        0.310675795030804
       50.000000000000000,        3.000000000000000,        0.317535854477895
       60.000000000000000,        3.000000000000000,        0.293748233882451
       70.000000000000000,        3.000000000000000,        0.243700046743570
       80.000000000000000,        3.000000000000000,        0.173436330067454
       90.000000000000000,        3.000000000000000,        0.089816695009084
      100.000000000000000,        3.000000000000000,        0.000000000000000
        0.000000000000000,        3.050000000000000,        0.000000000000000
       10.000000000000000,        3.050000000000000,        0.106338774569885
       20.000000000000000,        3.050000000000000,        0.198676830183035
       30.000000000000000,        3.050000000000000,        0.267281900279440
       40.000000000000000,        3.050000000000000,        0.306109065617770
       50.000000000000000,        3.050000000000000,        0.313134053295949
       60.000000000000000,        3.050000000000000,        0.289915437916778
       70.000000000000000,        3.050000000000000,        0.240694006055707
       80.000000000000000,        3.050000000000000,        0.171391085183690
       90.000000000000000,        3.050000000000000,        0.088786406904774
      100.000000000000000,        3.050000000000000,        0.000000000000000
        0.000000000000000,        3.100000000000000,        0.000000000000000
       10.000000000000000,        3.100000000000000,        0.104588684700293
       20.000000000000000,        3.100000000000000,        0.195491445759743
       30.000000000000000,        3.100000000000000,        0.263161489131769
       40.000000000000000,        3.100000000000000,        0.301618742016792
       50.000000000000000,        3.100000000000000,        0.308792312463658
       60.000000000000000,        3.100000000000000,        0.286122368252504
       70.000000000000000,        3.100000000000000,        0.237709686221304
       80.000000000000000,        3.100000000000000,        0.169355325528527
       90.000000000000000,        3.100000000000000,        0.087759220869647
      100.000000000000000,        3.100000000000000,        0.000000000000000
        0.000000000000000,        3.150000000000000,        0.000000000000000
       10.000000000000000,        3.150000000000000,        0.102877944245188
       20.000000000000000,        3.150000000000000,        0.192373513491927
       30.000000000000000,        3.150000000000000,        0.259120148787417
       40.000000000000000,        3.150000000000000,        0.297203114168978
       50.000000000000000,        3.150000000000000,        0.304509919650429
       60.000000000000000,        3.150000000000000,        0.282369226923345
       70.000000000000000,        3.150000000000000,        0.234747833722462
       80.000000000000000,        3.150000000000000,        0.167329875970409
       90.000000000000000,        3.150000000000000,        0.086735650148536
      100.000000000000000,        3.150000000000000,        0.000000000000000
        0.000000000000000,        3.200000000000000,        0.000000000000000
       10.000000000000000,        3.200000000000000,        0.101205147370382
       20.000000000000000,        3.200000000000000,        0.189320797138670
       30.000000000000000,        3.200000000000000,        0.255155600504019
       40.000000000000000,        3.200000000000000,        0.292860525646040
       50.000000000000000,        3.200000000000000,        0.300286158808995
       60.000000000000000,        3.200000000000000,        0.278656169258940
       70.000000000000000,        3.200000000000000,        0.231809130945515
       80.000000000000000,        3.200000000000000,        0.165315504614563
       90.000000000000000,        3.200000000000000,        0.085716175688222
      100.000000000000000,        3.200000000000000,        0.000000000000000
        0.000000000000000,        3.250000000000000,        0.000000000000000
       10.000000000000000,        3.250000000000000,        0.099568960170120
       20.000000000000000,        3.250000000000000,        0.186331167938270
       30.000000000000000,        3.250000000000000,        0.251265662076053
       40.000000000000000,        3.250000000000000,        0.288589371845161
       50.000000000000000,        3.250000000000000,        0.296120311744759
       60.000000000000000,        3.250000000000000,        0.274983307280490
       70.000000000000000,        3.250000000000000,        0.228894199696018
       80.000000000000000,        3.250000000000000,        0.163312925383952
       90.000000000000000,        3.250000000000000,        0.084701247439161
      100.000000000000000,        3.250000000000000,        0.000000000000000
        0.000000000000000,        3.300000000000000,        0.000000000000000
       10.000000000000000,        3.300000000000000,        0.097968116119874
       20.000000000000000,        3.300000000000000,        0.183402598228193
       30.000000000000000,        3.300000000000000,        0.247448242816209
       40.000000000000000,        3.300000000000000,        0.284388098203991
       50.000000000000000,        3.300000000000000,        0.292011659494129
       60.000000000000000,        3.300000000000000,        0.271350712859136
       70.000000000000000,        3.300000000000000,        0.226003604552400
       80.000000000000000,        3.300000000000000,        0.161322800536909
       90.000000000000000,        3.300000000000000,        0.083691285646484
      100.000000000000000,        3.300000000000000,        0.000000000000000
        0.000000000000000,        3.350000000000000,        0.000000000000000
       10.000000000000000,        3.350000000000000,        0.096401411868429
       20.000000000000000,        3.350000000000000,        0.180533155506725
       30.000000000000000,        3.350000000000000,        0.243701338825996
       40.000000000000000,        3.350000000000000,        0.280255198443009
       50.000000000000000,        3.350000000000000,        0.287959483533365
       60.000000000000000,        3.350000000000000,        0.267758420655072
       70.000000000000000,        3.350000000000000,        0.223137856063297
       80.000000000000000,        3.350000000000000,        0.159345743116405
       90.000000000000000,        3.350000000000000,        0.082686682124414
      100.000000000000000,        3.350000000000000,        0.000000000000000
        0.000000000000000,        3.400000000000000,        0.000000000000000
       10.000000000000000,        3.400000000000000,        0.094867703339663
       20.000000000000000,        3.400000000000000,        0.177720996900751
       30.000000000000000,        3.400000000000000,        0.240023028537467
       40.000000000000000,        3.400000000000000,        0.276189212841111
       50.000000000000000,        3.400000000000000,        0.283963066837047
       60.000000000000000,        3.400000000000000,        0.264206430853847
       70.000000000000000,        3.400000000000000,        0.220297413793755
       80.000000000000000,        3.400000000000000,        0.157382319327075
       90.000000000000000,        3.400000000000000,        0.081687801509195
      100.000000000000000,        3.400000000000000,        0.000000000000000
        0.000000000000000,        3.450000000000000,        0.000000000000000
       10.000000000000000,        3.450000000000000,        0.093365902117341
       20.000000000000000,        3.450000000000000,        0.174964364007414
       30.000000000000000,        3.450000000000000,        0.236411468509166
       40.000000000000000,        3.450000000000000,        0.272188726549110
       50.000000000000000,        3.450000000000000,        0.280021694803155
       60.000000000000000,        3.450000000000000,        0.260694711714999
       70.000000000000000,        3.450000000000000,        0.217482689225575
       80.000000000000000,        3.450000000000000,        0.155433050837152
       90.000000000000000,        3.450000000000000,        0.080694982486540
      100.000000000000000,        3.450000000000000,        0.000000000000000
        0.000000000000000,        3.500000000000000,        0.000000000000000
       10.000000000000000,        3.500000000000000,        0.091894972088932
       20.000000000000000,        3.500000000000000,        0.172261578080323
       30.000000000000000,        3.500000000000000,        0.232864889460553
       40.000000000000000,        3.500000000000000,        0.268252367944796
       50.000000000000000,        3.500000000000000,        0.276134656059840
       60.000000000000000,        3.500000000000000,        0.257223201946926
       70.000000000000000,        3.500000000000000,        0.214694048517191
       80.000000000000000,        3.500000000000000,        0.153498417003331
       90.000000000000000,        3.500000000000000,        0.079708538990321
      100.000000000000000,        3.500000000000000,        0.000000000000000
        0.000000000000000,        3.550000000000000,        0.000000000000000
       10.000000000000000,        3.550000000000000,        0.090453926326740
       20.000000000000000,        3.550000000000000,        0.169611035533654
       30.000000000000000,        3.550000000000000,        0.229381592530221
       40.000000000000000,        3.550000000000000,        0.264378807032355
       50.000000000000000,        3.550000000000000,        0.272301243167290
       60.000000000000000,        3.550000000000000,        0.253791812920755
       70.000000000000000,        3.550000000000000,        0.211931815128404
       80.000000000000000,        3.550000000000000,        0.151578857017339
       90.000000000000000,        3.550000000000000,        0.078728761369908
      100.000000000000000,        3.550000000000000,        0.000000000000000
        0.000000000000000,        3.600000000000000,        0.000000000000000
       10.000000000000000,        3.600000000000000,        0.089041824186761
       20.000000000000000,        3.600000000000000,        0.167011203739863
       30.000000000000000,        3.600000000000000,        0.225959945744193
       40.000000000000000,        3.600000000000000,        0.260566753888201
       50.000000000000000,        3.600000000000000,        0.268520753226587
       60.000000000000000,        3.600000000000000,        0.250400430734940
       70.000000000000000,        3.600000000000000,        0.209196272315338
       80.000000000000000,        3.600000000000000,        0.149674771973660
       90.000000000000000,        3.600000000000000,        0.077755917524139
      100.000000000000000,        3.600000000000000,        0.000000000000000
        0.000000000000000,        3.650000000000000,        0.000000000000000
       10.000000000000000,        3.650000000000000,        0.087657768607554
       20.000000000000000,        3.650000000000000,        0.164460617098866
       30.000000000000000,        3.650000000000000,        0.222598380681528
       40.000000000000000,        3.650000000000000,        0.256814957154665
       50.000000000000000,        3.650000000000000,        0.264792488406141
       60.000000000000000,        3.650000000000000,        0.247048918141390
       70.000000000000000,        3.650000000000000,        0.206487665500885
       80.000000000000000,        3.650000000000000,        0.147786526858373
       90.000000000000000,        3.650000000000000,        0.076790254000401
      100.000000000000000,        3.650000000000000,        0.000000000000000
        0.000000000000000,        3.700000000000000,        0.000000000000000
       10.000000000000000,        3.700000000000000,        0.086300903593024
       20.000000000000000,        3.700000000000000,        0.161957873358468
       30.000000000000000,        3.700000000000000,        0.219295389325288
       40.000000000000000,        3.700000000000000,        0.253122202582428
       50.000000000000000,        3.700000000000000,        0.261115756395083
       60.000000000000000,        3.700000000000000,        0.243737116343038
       70.000000000000000,        3.700000000000000,        0.203806204525840
       80.000000000000000,        3.700000000000000,        0.145914452459560
       90.000000000000000,        3.700000000000000,        0.075831997057745
      100.000000000000000,        3.700000000000000,        0.000000000000000
        0.000000000000000,        3.750000000000000,        0.000000000000000
       10.000000000000000,        3.750000000000000,        0.084970411864576
       20.000000000000000,        3.750000000000000,        0.159501630167584
       30.000000000000000,        3.750000000000000,        0.216049521087717
       40.000000000000000,        3.750000000000000,        0.249487311622171
       50.000000000000000,        3.750000000000000,        0.257489870791963
       60.000000000000000,        3.750000000000000,        0.240464846672004
       70.000000000000000,        3.750000000000000,        0.201152065785825
       80.000000000000000,        3.750000000000000,        0.144058847200116
       90.000000000000000,        3.750000000000000,        0.074881353693324
      100.000000000000000,        3.750000000000000,        0.000000000000000
        0.000000000000000,        3.800000000000000,        0.000000000000000
       10.000000000000000,        3.800000000000000,        0.083665512669380
       20.000000000000000,        3.800000000000000,        0.157090601845325
       30.000000000000000,        3.800000000000000,        0.212859379999225
       40.000000000000000,        3.800000000000000,        0.245909140065527
       50.000000000000000,        3.800000000000000,        0.253914151436164
       60.000000000000000,        3.800000000000000,        0.237231912156752
       70.000000000000000,        3.800000000000000,        0.198525394258977
       80.000000000000000,        3.800000000000000,        0.142219978894125
       90.000000000000000,        3.800000000000000,        0.073938512631758
      100.000000000000000,        3.800000000000000,        0.000000000000000
        0.000000000000000,        3.850000000000000,        0.000000000000000
       10.000000000000000,        3.850000000000000,        0.082385459732701
       20.000000000000000,        3.850000000000000,        0.154723556350485
       30.000000000000000,        3.850000000000000,        0.209723622051420
       40.000000000000000,        3.850000000000000,        0.242386576735093
       50.000000000000000,        3.850000000000000,        0.250387924688604
       60.000000000000000,        3.850000000000000,        0.234038098986011
       70.000000000000000,        3.850000000000000,        0.195926305429250
       80.000000000000000,        3.850000000000000,        0.140398086428219
       90.000000000000000,        3.850000000000000,        0.073003645277346
      100.000000000000000,        3.850000000000000,        0.000000000000000
        0.000000000000000,        3.900000000000000,        0.000000000000000
       10.000000000000000,        3.900000000000000,        0.081129539343336
       20.000000000000000,        3.900000000000000,        0.152399312437208
       30.000000000000000,        3.900000000000000,        0.206640952685103
       40.000000000000000,        3.900000000000000,        0.238918542223033
       50.000000000000000,        3.900000000000000,        0.246910523667583
       60.000000000000000,        3.900000000000000,        0.230883177876613
       70.000000000000000,        3.900000000000000,        0.193354887110042
       80.000000000000000,        3.900000000000000,        0.138593381369588
       90.000000000000000,        3.900000000000000,        0.072076906629208
      100.000000000000000,        3.900000000000000,        0.000000000000000
        0.000000000000000,        3.950000000000000,        0.000000000000000
       10.000000000000000,        3.950000000000000,        0.079897068562153
       20.000000000000000,        3.950000000000000,        0.150116736983813
       30.000000000000000,        3.950000000000000,        0.203610124414683
       40.000000000000000,        3.950000000000000,        0.235503987677558
       50.000000000000000,        3.950000000000000,        0.243481288444959
       60.000000000000000,        3.950000000000000,        0.227766905351835
       70.000000000000000,        3.950000000000000,        0.190811201172709
       80.000000000000000,        3.950000000000000,        0.136806049502431
       90.000000000000000,        3.950000000000000,        0.071158436159710
      100.000000000000000,        3.950000000000000,        0.000000000000000
        0.000000000000000,        4.000000000000000,        0.000000000000000
       10.000000000000000,        4.000000000000000,        0.078687393544592
       20.000000000000000,        4.000000000000000,        0.147874742482769
       30.000000000000000,        4.000000000000000,        0.200629934581053
       40.000000000000000,        4.000000000000000,        0.232141893636420
       50.000000000000000,        4.000000000000000,        0.240099566207251
       60.000000000000000,        4.000000000000000,        0.224689024936371
       70.000000000000000,        4.000000000000000,        0.188295285184382
       80.000000000000000,        4.000000000000000,        0.135036252294835
       90.000000000000000,        4.000000000000000,        0.070248358656637
      100.000000000000000,        4.000000000000000,        0.000000000000000
        0.000000000000000,        4.050000000000000,        0.000000000000000
       10.000000000000000,        4.050000000000000,        0.077499887968790
       20.000000000000000,        4.050000000000000,        0.145672284680807
       30.000000000000000,        4.050000000000000,        0.197699223225443
       40.000000000000000,        4.050000000000000,        0.228831268906402
       50.000000000000000,        4.050000000000000,        0.236764711385785
       60.000000000000000,        4.050000000000000,        0.221649268273549
       70.000000000000000,        4.050000000000000,        0.185807153959334
       80.000000000000000,        4.050000000000000,        0.133284128298122
       90.000000000000000,        4.050000000000000,        0.069346785029743
      100.000000000000000,        4.050000000000000,        0.000000000000000
        0.000000000000000,        4.100000000000001,        0.000000000000000
       10.000000000000000,        4.100000000000001,        0.076333951561693
       20.000000000000000,        4.100000000000001,        0.143508360358997
       30.000000000000000,        4.100000000000001,        0.194816871077257
       40.000000000000000,        4.100000000000001,        0.225571149487682
       50.000000000000000,        4.100000000000001,        0.233476085759492
       60.000000000000000,        4.100000000000001,        0.218647356170015
       70.000000000000000,        4.100000000000001,        0.183346801028018
       80.000000000000000,        4.100000000000001,        0.131549794480812
       90.000000000000000,        4.100000000000001,        0.068453813082409
      100.000000000000000,        4.100000000000001,        0.000000000000000
        0.000000000000000,        4.150000000000000,        0.000000000000000
       10.000000000000000,        4.150000000000000,        0.075189008716145
       20.000000000000000,        4.150000000000000,        0.141382005243423
       30.000000000000000,        4.150000000000000,        0.191981797649331
       40.000000000000000,        4.150000000000000,        0.222360597541864
       50.000000000000000,        4.150000000000000,        0.230233058533604
       60.000000000000000,        4.150000000000000,        0.215682999572714
       70.000000000000000,        4.150000000000000,        0.180914200027704
       80.000000000000000,        4.150000000000000,        0.129833347499373
       90.000000000000000,        4.150000000000000,        0.067569528249228
      100.000000000000000,        4.150000000000000,        0.000000000000000
        0.000000000000000,        4.200000000000000,        0.000000000000000
       10.000000000000000,        4.200000000000000,        0.074064507192536
       20.000000000000000,        4.200000000000000,        0.139292292037801
       30.000000000000000,        4.200000000000000,        0.189192959434456
       40.000000000000000,        4.200000000000000,        0.219198700402406
       50.000000000000000,        4.200000000000000,        0.227035006397093
       60.000000000000000,        4.200000000000000,        0.212755900482635
       70.000000000000000,        4.200000000000000,        0.178509306018529
       80.000000000000000,        4.200000000000000,        0.128134864907999
       90.000000000000000,        4.200000000000000,        0.066694004300421
      100.000000000000000,        4.200000000000000,        0.000000000000000
        0.000000000000000,        4.250000000000000,        0.000000000000000
       10.000000000000000,        4.250000000000000,        0.072959916899127
       20.000000000000000,        4.250000000000000,        0.137238328570049
       30.000000000000000,        4.250000000000000,        0.186449348197399
       40.000000000000000,        4.250000000000000,        0.216084569626116
       50.000000000000000,        4.250000000000000,        0.223881313561414
       60.000000000000000,        4.250000000000000,        0.209865752809469
       70.000000000000000,        4.250000000000000,        0.176132056728581
       80.000000000000000,        4.250000000000000,        0.126454406309625
       90.000000000000000,        4.250000000000000,        0.065827304014019
      100.000000000000000,        4.250000000000000,        0.000000000000000
        0.000000000000000,        4.300000000000000,        0.000000000000000
       10.000000000000000,        4.300000000000000,        0.071874728745602
       20.000000000000000,        4.300000000000000,        0.135219256045412
       30.000000000000000,        4.300000000000000,        0.183749989356990
       40.000000000000000,        4.300000000000000,        0.213017340084387
       50.000000000000000,        4.300000000000000,        0.220771371782792
       60.000000000000000,        4.300000000000000,        0.207012243171024
       70.000000000000000,        4.300000000000000,        0.173782373731516
       80.000000000000000,        4.300000000000000,        0.124792014450410
       90.000000000000000,        4.300000000000000,        0.064969479816815
      100.000000000000000,        4.300000000000000,        0.000000000000000
        0.000000000000000,        4.350000000000001,        0.000000000000000
       10.000000000000000,        4.350000000000001,        0.070808453564878
       20.000000000000000,        4.350000000000001,        0.133234247399292
       30.000000000000000,        4.350000000000001,        0.181093940453203
       40.000000000000000,        4.350000000000001,        0.209996169092790
       50.000000000000000,        4.350000000000001,        0.217704580370071
       60.000000000000000,        4.350000000000001,        0.204195051640966
       70.000000000000000,        4.350000000000001,        0.171460163560059
       80.000000000000000,        4.350000000000001,        0.123147716259917
       90.000000000000000,        4.350000000000001,        0.064120574395101
      100.000000000000000,        4.350000000000001,        0.000000000000000
        0.000000000000000,        4.400000000000000,        0.000000000000000
       10.000000000000000,        4.400000000000000,        0.069760621098570
       20.000000000000000,        4.400000000000000,        0.131282505743441
       30.000000000000000,        4.400000000000000,        0.178480289694431
       40.000000000000000,        4.400000000000000,        0.207020235577655
       50.000000000000000,        4.400000000000000,        0.214680346179881
       60.000000000000000,        4.400000000000000,        0.201413852448217
       70.000000000000000,        4.400000000000000,        0.169165318758561
       80.000000000000000,        4.400000000000000,        0.121521523839146
       90.000000000000000,        4.400000000000000,        0.063280621276219
      100.000000000000000,        4.400000000000000,        0.000000000000000
        0.000000000000000,        4.450000000000000,        0.000000000000000
       10.000000000000000,        4.450000000000000,        0.068730779041857
       20.000000000000000,        4.450000000000000,        0.129363262899617
       30.000000000000000,        4.450000000000000,        0.175908154580482
       40.000000000000000,        4.450000000000000,        0.204088739278287
       50.000000000000000,        4.450000000000000,        0.211698083600724
       60.000000000000000,        4.450000000000000,        0.198668314631073
       70.000000000000000,        4.450000000000000,        0.166897718877698
       80.000000000000000,        4.450000000000000,        0.119913435398599
       90.000000000000000,        4.450000000000000,        0.062449645381989
      100.000000000000000,        4.450000000000000,        0.000000000000000
        0.000000000000000,        4.500000000000000,        0.000000000000000
       10.000000000000000,        4.500000000000000,        0.067718492143845
       20.000000000000000,        4.500000000000000,        0.127475778015253
       30.000000000000000,        4.500000000000000,        0.173376680597054
       40.000000000000000,        4.500000000000000,        0.201200899983437
       50.000000000000000,        4.500000000000000,        0.208757214527357
       60.000000000000000,        4.500000000000000,        0.195958102648937
       70.000000000000000,        4.500000000000000,        0.164657231414216
       80.000000000000000,        4.500000000000000,        0.118323436148475
       90.000000000000000,        4.500000000000000,        0.061627663555051
      100.000000000000000,        4.500000000000000,        0.000000000000000
        0.000000000000000,        4.550000000000000,        0.000000000000000
       10.000000000000000,        4.550000000000000,        0.066723341359791
       20.000000000000000,        4.550000000000000,        0.125619336256046
       30.000000000000000,        4.550000000000000,        0.170885039977726
       40.000000000000000,        4.550000000000000,        0.198355956800713
       50.000000000000000,        4.550000000000000,        0.205857168326724
       60.000000000000000,        4.550000000000000,        0.193282876954320
       70.000000000000000,        4.550000000000000,        0.162443712698511
       80.000000000000000,        4.550000000000000,        0.116751499143051
       90.000000000000000,        4.550000000000000,        0.060814685059170
      100.000000000000000,        4.550000000000000,        0.000000000000000
        0.000000000000000,        4.600000000000001,        0.000000000000000
       10.000000000000000,        4.600000000000001,        0.065744923051849
       20.000000000000000,        4.600000000000001,        0.123793247570731
       30.000000000000000,        4.600000000000001,        0.168432430529725
       40.000000000000000,        4.600000000000001,        0.195553167457591
       50.000000000000000,        4.600000000000001,        0.202997381796532
       60.000000000000000,        4.600000000000001,        0.190642294527620
       70.000000000000000,        4.600000000000001,        0.160257008732717
       80.000000000000000,        4.600000000000001,        0.115197586081274
       90.000000000000000,        4.600000000000001,        0.060010712054537
      100.000000000000000,        4.600000000000001,        0.000000000000000
        0.000000000000000,        4.650000000000000,        0.000000000000000
       10.000000000000000,        4.650000000000000,        0.064782848235228
       20.000000000000000,        4.650000000000000,        0.121996845523667
       30.000000000000000,        4.650000000000000,        0.166018074519951
       40.000000000000000,        4.650000000000000,        0.192791807632754
       50.000000000000000,        4.650000000000000,        0.200177299117446
       60.000000000000000,        4.650000000000000,        0.188036009376986
       70.000000000000000,        4.650000000000000,        0.158096955981821
       80.000000000000000,        4.650000000000000,        0.113661648065501
       90.000000000000000,        4.650000000000000,        0.059215740049090
      100.000000000000000,        4.650000000000000,        0.000000000000000
        0.000000000000000,        4.700000000000000,        0.000000000000000
       10.000000000000000,        4.700000000000000,        0.063836741866879
       20.000000000000000,        4.700000000000000,        0.120229486191104
       30.000000000000000,        4.700000000000000,        0.163641217617946
       40.000000000000000,        4.700000000000000,        0.190071170316489
       50.000000000000000,        4.700000000000000,        0.197396371799769
       60.000000000000000,        4.700000000000000,        0.185463673005438
       70.000000000000000,        4.700000000000000,        0.155963382120233
       80.000000000000000,        4.700000000000000,        0.112143626320291
       90.000000000000000,        4.700000000000000,        0.058429758326854
      100.000000000000000,        4.700000000000000,        0.000000000000000
        0.000000000000000,        4.750000000000000,        0.000000000000000
       10.000000000000000,        4.750000000000000,        0.062906242174047
       20.000000000000000,        4.750000000000000,        0.118490547117327
       30.000000000000000,        4.750000000000000,        0.161301127892686
       40.000000000000000,        4.750000000000000,        0.187390565198924
       50.000000000000000,        4.750000000000000,        0.194654058625372
       60.000000000000000,        4.750000000000000,        0.182924934847279
       70.000000000000000,        4.750000000000000,        0.153856106736121
       80.000000000000000,        4.750000000000000,        0.110643452873090
       90.000000000000000,        4.750000000000000,        0.057652750354277
      100.000000000000000,        4.750000000000000,        0.000000000000000
        0.000000000000000,        4.800000000000001,        0.000000000000000
       10.000000000000000,        4.800000000000001,        0.061991000020202
       20.000000000000000,        4.800000000000001,        0.116779426327106
       30.000000000000000,        4.800000000000001,        0.158997094860268
       40.000000000000000,        4.800000000000001,        0.184749318084898
       50.000000000000000,        4.800000000000001,        0.191949825585551
       60.000000000000000,        4.800000000000001,        0.180419442675668
       70.000000000000000,        4.800000000000001,        0.151774941995685
       80.000000000000000,        4.800000000000001,        0.109161051198563
       90.000000000000000,        4.800000000000001,        0.056884694165528
      100.000000000000000,        4.800000000000001,        0.000000000000000
        0.000000000000000,        4.850000000000001,        0.000000000000000
       10.000000000000000,        4.850000000000001,        0.061090678306039
       20.000000000000000,        4.850000000000001,        0.115095541391118
       30.000000000000000,        4.850000000000001,        0.156728428579703
       40.000000000000000,        4.850000000000001,        0.182146770334330
       50.000000000000000,        4.850000000000001,        0.189283145815413
       60.000000000000000,        4.850000000000001,        0.177946842983138
       70.000000000000000,        4.850000000000001,        0.149719693269477
       80.000000000000000,        4.850000000000001,        0.107696336828298
       90.000000000000000,        4.850000000000001,        0.056125562727683
      100.000000000000000,        4.850000000000001,        0.000000000000000
        0.000000000000000,        4.900000000000000,        0.000000000000000
       10.000000000000000,        4.900000000000000,        0.060204951403419
       20.000000000000000,        4.900000000000000,        0.113438328541229
       30.000000000000000,        4.900000000000000,        0.154494458794222
       40.000000000000000,        4.900000000000000,        0.179582278326952
       50.000000000000000,        4.900000000000000,        0.186653499525321
       60.000000000000000,        4.900000000000000,        0.175506781336703
       70.000000000000000,        4.900000000000000,        0.147690159722733
       80.000000000000000,        4.900000000000000,        0.106249217927525
       90.000000000000000,        4.900000000000000,        0.055375324286703
      100.000000000000000,        4.900000000000000,        0.000000000000000
        0.000000000000000,        4.950000000000000,        0.000000000000000
       10.000000000000000,        4.950000000000000,        0.059333504620218
       20.000000000000000,        4.950000000000000,        0.111807241832727
       30.000000000000000,        4.950000000000000,        0.152294534115627
       40.000000000000000,        4.950000000000000,        0.177055212950332
       50.000000000000000,        4.950000000000000,        0.184060373929870
       60.000000000000000,        4.950000000000000,        0.173098902709103
       70.000000000000000,        4.950000000000000,        0.145686134871628
       80.000000000000000,        4.950000000000000,        0.104819595840435
       90.000000000000000,        4.950000000000000,        0.054633942695082
      100.000000000000000,        4.950000000000000,        0.000000000000000
        0.000000000000000,        5.000000000000000,        0.000000000000000
       10.000000000000000,        5.000000000000000,        0.058476033694254
       20.000000000000000,        5.000000000000000,        0.110201752350780
       30.000000000000000,        5.000000000000000,        0.150128021249359
       40.000000000000000,        5.000000000000000,        0.174564959110153
       50.000000000000000,        5.000000000000000,        0.181503263174810
       60.000000000000000,        5.000000000000000,        0.170722851787632
       70.000000000000000,        5.000000000000000,        0.143707407107229
       80.000000000000000,        5.000000000000000,        0.103407365605615
       90.000000000000000,        5.000000000000000,        0.053901377722013
      100.000000000000000,        5.000000000000000,        0.000000000000000
        0.000000000000000,        5.050000000000001,        0.000000000000000
       10.000000000000000,        5.050000000000001,        0.057632244314538
       20.000000000000000,        5.050000000000001,        0.108621347458572
       30.000000000000000,        5.050000000000001,        0.147994304258110
       40.000000000000000,        5.050000000000001,        0.172110915261730
       50.000000000000000,        5.050000000000001,        0.178981668262277
       60.000000000000000,        5.050000000000001,        0.168378273261912
       70.000000000000000,        5.050000000000001,        0.141753760188863
       80.000000000000000,        5.050000000000001,        0.102012416443071
       90.000000000000000,        5.050000000000001,        0.053177585346894
      100.000000000000000,        5.050000000000001,        0.000000000000000
