                 Posisi X,                 Posisi Y,                   Fungsi
        0.000000000000000,        0.000000000000000,        1.000000000000000
        0.100000000000000,        0.000000000000000,        1.000000000000000
        0.200000000000000,        0.000000000000000,        1.000000000000000
        0.300000000000000,        0.000000000000000,        1.000000000000000
        0.400000000000000,        0.000000000000000,        1.000000000000000
        0.500000000000000,        0.000000000000000,        1.000000000000000
        0.600000000000000,        0.000000000000000,        1.000000000000000
        0.700000000000000,        0.000000000000000,        1.000000000000000
        0.800000000000000,        0.000000000000000,        1.000000000000000
        0.900000000000000,        0.000000000000000,        1.000000000000000
        1.000000000000000,        0.000000000000000,        1.000000000000000
        1.100000000000000,        0.000000000000000,        1.000000000000000
        1.200000000000000,        0.000000000000000,        1.000000000000000
        1.300000000000000,        0.000000000000000,        1.000000000000000
        1.400000000000000,        0.000000000000000,        1.000000000000000
        1.500000000000000,        0.000000000000000,        1.000000000000000
        1.600000000000000,        0.000000000000000,        1.000000000000000
        1.700000000000000,        0.000000000000000,        1.000000000000000
        1.800000000000000,        0.000000000000000,        1.000000000000000
        1.900000000000000,        0.000000000000000,        1.000000000000000
        2.000000000000000,        0.000000000000000,        1.000000000000000
        0.000000000000000,        0.100000000000000,        1.000000000000000
        0.100000000000000,        0.100000000000000,        0.997519362935088
        0.200000000000000,        0.100000000000000,        0.995615217760369
        0.300000000000000,        0.100000000000000,        0.994878146944513
        0.400000000000000,        0.100000000000000,        0.995769588119674
        0.500000000000000,        0.100000000000000,        0.998808911548797
        0.600000000000000,        0.100000000000000,        1.004298979541144
        0.700000000000000,        0.100000000000000,        1.012670840906959
        0.800000000000000,        0.100000000000000,        1.024079450417041
        0.900000000000000,        0.100000000000000,        1.038878344402310
        1.000000000000000,        0.100000000000000,        1.057045978075282
        1.100000000000000,        0.100000000000000,        1.078777814935476
        1.200000000000000,        0.100000000000000,        1.103685253324415
        1.300000000000000,        0.100000000000000,        1.131508759011261
        1.400000000000000,        0.100000000000000,        1.161076664467231
        1.500000000000000,        0.100000000000000,        1.191122759082563
        1.600000000000000,        0.100000000000000,        1.219097155387541
        1.700000000000000,        0.100000000000000,        1.241966985024264
        1.800000000000000,        0.100000000000000,        1.254962841182235
        1.900000000000000,        0.100000000000000,        1.251695831697470
        2.000000000000000,        0.100000000000000,        1.221402758160170
        0.000000000000000,        0.200000000000000,        1.000000000000000
        0.100000000000000,        0.200000000000000,        0.996585970718239
        0.200000000000000,        0.200000000000000,        0.994344690979385
        0.300000000000000,        0.200000000000000,        0.994317162175043
        0.400000000000000,        0.200000000000000,        0.997602992482433
        0.500000000000000,        0.200000000000000,        1.004958098351165
        0.600000000000000,        0.200000000000000,        1.017308348334607
        0.700000000000000,        0.200000000000000,        1.035108459225145
        0.800000000000000,        0.200000000000000,        1.059128986195113
        0.900000000000000,        0.200000000000000,        1.089538102288015
        1.000000000000000,        0.200000000000000,        1.126918421783243
        1.100000000000000,        0.200000000000000,        1.170966426762423
        1.200000000000000,        0.200000000000000,        1.221734057877736
        1.300000000000000,        0.200000000000000,        1.277858968007614
        1.400000000000000,        0.200000000000000,        1.338031177854447
        1.500000000000000,        0.200000000000000,        1.398827837338942
        1.600000000000000,        0.200000000000000,        1.456324411314418
        1.700000000000000,        0.200000000000000,        1.503851495096108
        1.800000000000000,        0.200000000000000,        1.533469995725572
        1.900000000000000,        0.200000000000000,        1.534022113380452
        2.000000000000000,        0.200000000000000,        1.491824697641270
        0.000000000000000,        0.300000000000000,        1.000000000000000
        0.100000000000000,        0.300000000000000,        0.998603722184620
        0.200000000000000,        0.300000000000000,        0.998862323153318
        0.300000000000000,        0.300000000000000,        1.002458350013810
        0.400000000000000,        0.300000000000000,        1.010721336174027
        0.500000000000000,        0.300000000000000,        1.025119203404276
        0.600000000000000,        0.300000000000000,        1.046540618728941
        0.700000000000000,        0.300000000000000,        1.076204763732343
        0.800000000000000,        0.300000000000000,        1.114600790397900
        0.900000000000000,        0.300000000000000,        1.162738284286780
        1.000000000000000,        0.300000000000000,        1.220634140694565
        1.100000000000000,        0.300000000000000,        1.288868402643138
        1.200000000000000,        0.300000000000000,        1.366460834876128
        1.300000000000000,        0.300000000000000,        1.452736778540552
        1.400000000000000,        0.300000000000000,        1.544555641831795
        1.500000000000000,        0.300000000000000,        1.638447784113215
        1.600000000000000,        0.300000000000000,        1.727481591772630
        1.700000000000000,        0.300000000000000,        1.803509985148202
        1.800000000000000,        0.300000000000000,        1.854406693155175
        1.900000000000000,        0.300000000000000,        1.866238402458852
        2.000000000000000,        0.300000000000000,        1.822118800390509
        0.000000000000000,        0.400000000000000,        1.000000000000000
        0.100000000000000,        0.400000000000000,        1.004547626102233
        0.200000000000000,        0.400000000000000,        1.011293938101708
        0.300000000000000,        0.400000000000000,        1.022200493242568
        0.400000000000000,        0.400000000000000,        1.039290655963897
        0.500000000000000,        0.400000000000000,        1.063998670545431
        0.600000000000000,        0.400000000000000,        1.098013173769310
        0.700000000000000,        0.400000000000000,        1.142243532820641
        0.800000000000000,        0.400000000000000,        1.198108098982014
        0.900000000000000,        0.400000000000000,        1.266039872838942
        1.000000000000000,        0.400000000000000,        1.347143611472930
        1.100000000000000,        0.400000000000000,        1.441061741348631
        1.200000000000000,        0.400000000000000,        1.547985493092015
        1.300000000000000,        0.400000000000000,        1.665726040541341
        1.400000000000000,        0.400000000000000,        1.792062084787511
        1.500000000000000,        0.400000000000000,        1.921120606372332
        1.600000000000000,        0.400000000000000,        2.045933666764339
        1.700000000000000,        0.400000000000000,        2.154736884057951
        1.800000000000000,        0.400000000000000,        2.233576795394478
        1.900000000000000,        0.400000000000000,        2.263893473078062
        2.000000000000000,        0.400000000000000,        2.225540928492468
        0.000000000000000,        0.500000000000000,        1.000000000000000
        0.100000000000000,        0.500000000000000,        1.014999834906082
        0.200000000000000,        0.500000000000000,        1.032581098751183
        0.300000000000000,        0.500000000000000,        1.055305388771155
        0.400000000000000,        0.500000000000000,        1.085225117745700
        0.500000000000000,        0.500000000000000,        1.124504799259664
        0.600000000000000,        0.500000000000000,        1.174550172325179
        0.700000000000000,        0.500000000000000,        1.237159141500119
        0.800000000000000,        0.500000000000000,        1.313214233931452
        0.900000000000000,        0.500000000000000,        1.404248004185468
        1.000000000000000,        0.500000000000000,        1.510551566073574
        1.100000000000000,        0.500000000000000,        1.633107287059121
        1.200000000000000,        0.500000000000000,        1.770903930708927
        1.300000000000000,        0.500000000000000,        1.923220680441861
        1.400000000000000,        0.500000000000000,        2.086062920986505
        1.500000000000000,        0.500000000000000,        2.254688801880649
        1.600000000000000,        0.500000000000000,        2.419452691925391
        1.700000000000000,        0.500000000000000,        2.568313949505014
        1.800000000000000,        0.500000000000000,        2.683053008773973
        1.900000000000000,        0.500000000000000,        2.741859002302990
        2.000000000000000,        0.500000000000000,        2.718281828459045
        0.000000000000000,        0.600000000000000,        1.000000000000000
        0.100000000000000,        0.600000000000000,        1.029811255329934
        0.200000000000000,        0.600000000000000,        1.062718373169125
        0.300000000000000,        0.600000000000000,        1.101451124746841
        0.400000000000000,        0.600000000000000,        1.148656208608527
        0.500000000000000,        0.600000000000000,        1.206281709553774
        0.600000000000000,        0.600000000000000,        1.276471640212990
        0.700000000000000,        0.600000000000000,        1.360561424349832
        0.800000000000000,        0.600000000000000,        1.460399177087393
        0.900000000000000,        0.600000000000000,        1.576848562054992
        1.000000000000000,        0.600000000000000,        1.711463866011632
        1.100000000000000,        0.600000000000000,        1.864317813735242
        1.200000000000000,        0.600000000000000,        2.036006455799487
        1.300000000000000,        0.600000000000000,        2.224614235664827
        1.400000000000000,        0.600000000000000,        2.427969046652401
        1.500000000000000,        0.600000000000000,        2.639740963537990
        1.600000000000000,        0.600000000000000,        2.851635250282814
        1.700000000000000,        0.600000000000000,        3.048975823039308
        1.800000000000000,        0.600000000000000,        3.212366610683001
        1.900000000000000,        0.600000000000000,        3.314037090901322
        2.000000000000000,        0.600000000000000,        3.320116922736548
        0.000000000000000,        0.700000000000000,        1.000000000000000
        0.100000000000000,        0.700000000000000,        1.048276403321642
        0.200000000000000,        0.700000000000000,        1.100130555393722
        0.300000000000000,        0.700000000000000,        1.158800716594563
        0.400000000000000,        0.700000000000000,        1.226822459759574
        0.500000000000000,        0.700000000000000,        1.306649111061473
        0.600000000000000,        0.700000000000000,        1.400037352272705
        0.700000000000000,        0.700000000000000,        1.509043537298520
        0.800000000000000,        0.700000000000000,        1.634991576145624
        0.900000000000000,        0.700000000000000,        1.779767397190575
        1.000000000000000,        0.700000000000000,        1.944277613775274
        1.100000000000000,        0.700000000000000,        2.130022042523852
        1.200000000000000,        0.700000000000000,        2.336866383303459
        1.300000000000000,        0.700000000000000,        2.564848771929224
        1.400000000000000,        0.700000000000000,        2.811122115078439
        1.500000000000000,        0.700000000000000,        3.071754106949892
        1.600000000000000,        0.700000000000000,        3.337785440946465
        1.700000000000000,        0.700000000000000,        3.596276272659972
        1.800000000000000,        0.700000000000000,        3.825382433267766
        1.900000000000000,        0.700000000000000,        3.993555603357139
        2.000000000000000,        0.700000000000000,        4.055199966844675
        0.000000000000000,        0.800000000000000,        1.000000000000000
        0.100000000000000,        0.800000000000000,        1.068813037681170
        0.200000000000000,        0.800000000000000,        1.142116846477410
        0.300000000000000,        0.800000000000000,        1.223274017150540
        0.400000000000000,        0.800000000000000,        1.315053099503670
        0.500000000000000,        0.800000000000000,        1.419549462126496
        0.600000000000000,        0.800000000000000,        1.538903781051337
        0.700000000000000,        0.800000000000000,        1.674758595711788
        0.800000000000000,        0.800000000000000,        1.829120343802861
        0.900000000000000,        0.800000000000000,        2.003447752398425
        1.000000000000000,        0.800000000000000,        2.199705410448585
        1.100000000000000,        0.800000000000000,        2.419007984371317
        1.200000000000000,        0.800000000000000,        2.662856755261951
        1.300000000000000,        0.800000000000000,        2.931199052057121
        1.400000000000000,        0.800000000000000,        3.223732305548185
        1.500000000000000,        0.800000000000000,        3.537227783958759
        1.600000000000000,        0.800000000000000,        3.866375636942160
        1.700000000000000,        0.800000000000000,        4.199859587089756
        1.800000000000000,        0.800000000000000,        4.518841059854962
        1.900000000000000,        0.800000000000000,        4.789255913931819
        2.000000000000000,        0.800000000000000,        4.953032424395115
        0.000000000000000,        0.900000000000000,        1.000000000000000
        0.100000000000000,        0.900000000000000,        1.089051721257117
        0.200000000000000,        0.900000000000000,        1.184388818327945
        0.300000000000000,        0.900000000000000,        1.289351004310336
        0.400000000000000,        0.900000000000000,        1.406199919870289
        0.500000000000000,        0.900000000000000,        1.536957751806637
        0.600000000000000,        0.900000000000000,        1.683369311230529
        0.700000000000000,        0.900000000000000,        1.847358338464756
        0.800000000000000,        0.900000000000000,        2.030665561993228
        0.900000000000000,        0.900000000000000,        2.235365903748927
        1.000000000000000,        0.900000000000000,        2.463290502803236
        1.100000000000000,        0.900000000000000,        2.716642113783008
        1.200000000000000,        0.900000000000000,        2.997142800160019
        1.300000000000000,        0.900000000000000,        3.306721481724587
        1.400000000000000,        0.900000000000000,        3.646298220655209
        1.500000000000000,        0.900000000000000,        4.016365189342138
        1.600000000000000,        0.900000000000000,        4.415167502838354
        1.700000000000000,        0.900000000000000,        4.838299309370306
        1.800000000000000,        0.900000000000000,        5.274551511672978
        1.900000000000000,        0.900000000000000,        5.698910662136154
        2.000000000000000,        0.900000000000000,        6.049647464412947
        0.000000000000000,        1.000000000000000,        1.000000000000000
        0.100000000000000,        1.000000000000000,        1.105170918075648
        0.200000000000000,        1.000000000000000,        1.221402758160170
        0.300000000000000,        1.000000000000000,        1.349858807576003
        0.400000000000000,        1.000000000000000,        1.491824697641270
        0.500000000000000,        1.000000000000000,        1.648721270700128
        0.600000000000000,        1.000000000000000,        1.822118800390509
        0.700000000000000,        1.000000000000000,        2.013752707470477
        0.800000000000000,        1.000000000000000,        2.225540928492468
        0.900000000000000,        1.000000000000000,        2.459603111156950
        1.000000000000000,        1.000000000000000,        2.718281828459045
        1.100000000000000,        1.000000000000000,        3.004166023946433
        1.200000000000000,        1.000000000000000,        3.320116922736548
        1.300000000000000,        1.000000000000000,        3.669296667619244
        1.400000000000000,        1.000000000000000,        4.055199966844675
        1.500000000000000,        1.000000000000000,        4.481689070338065
        1.600000000000000,        1.000000000000000,        4.953032424395115
        1.700000000000000,        1.000000000000000,        5.473947391727201
        1.800000000000000,        1.000000000000000,        6.049647464412947
        1.900000000000000,        1.000000000000000,        6.685894442279270
        2.000000000000000,        1.000000000000000,        7.389056098930650
